{
  "scenario_group": "horizon",
  "scenario_name": "Horizon_36M_Train_60M",
  "scenario": {
    "train_start": "2018-03-12",
    "train_end": "2023-03-11",
    "test_start": "2023-03-12",
    "test_end": "2026-03-11",
    "description": "Test=36M, Train=60M ending at latest date"
  },
  "symbols_full": [
    "20MICRONS",
    "21STCENMGM",
    "3MINDIA",
    "5PAISA",
    "A2ZINFRA",
    "AARTIDRUGS",
    "AARTIIND",
    "ABAN",
    "ABCAPITAL",
    "ABFRL",
    "ACC",
    "ACE",
    "ADANIENT",
    "ADANIGREEN",
    "ADFFOODS",
    "ADOR",
    "ADROITINFO",
    "ADSL",
    "AEGISLOG",
    "AGARIND",
    "AGI",
    "AGROPHOS",
    "AHLUCONT",
    "AJANTPHARM",
    "AKSHOPTFBR",
    "AKZOINDIA",
    "ALANKIT",
    "ALBERTDAVD",
    "ALEMBICLTD",
    "ALICON",
    "ALKALI",
    "ALKEM",
    "ALKYLAMINE",
    "ALLCARGO",
    "ALLDIGI",
    "AMBER",
    "AMBIKCO",
    "AMBUJACEM",
    "AMDIND",
    "AMJLAND",
    "ANANTRAJ",
    "ANDHRSUGAR",
    "ANIKINDS",
    "ANKITMETAL",
    "ANSALAPI",
    "ANTELOPUS",
    "ANUP",
    "APARINDS",
    "APCL",
    "APCOTEXIND",
    "APEX",
    "APOLLO",
    "APOLLOTYRE",
    "APOLSINHOT",
    "APTECHT",
    "ARCHIDPLY",
    "ARIES",
    "ARIHANTSUP",
    "ARMANFIN",
    "ARVINDFASN",
    "ARVSMART",
    "ASAHIINDIA",
    "ASAHISONG",
    "ASAL",
    "ASHAPURMIN",
    "ASHIANA",
    "ASHIMASYN",
    "ASHOKLEY",
    "ASIANHOTNR",
    "ASIANTILES",
    "ASPINWALL",
    "ASTEC",
    "ASTERDM",
    "ASTRAMICRO",
    "ASTRAZEN",
    "ASTRON",
    "ATLANTAA",
    "ATULAUTO",
    "AUBANK",
    "AURIONPRO",
    "AUROPHARMA",
    "AURUM",
    "AUSOMENT",
    "AUTOAXLES",
    "AVANTIFEED",
    "AVTNPL",
    "AXISBANK",
    "AYMSYNTEX",
    "BAGFILMS",
    "BAJAJ-AUTO",
    "BAJAJCON",
    "BAJAJFINSV",
    "BAJAJHIND",
    "BAJAJHLDNG",
    "BALAMINES",
    "BALKRISIND",
    "BALMLAWRIE",
    "BALPHARMA",
    "BALRAMCHIN",
    "BANARISUG",
    "BANCOINDIA",
    "BANDHANBNK",
    "BANG",
    "BANKBARODA",
    "BANKINDIA",
    "BANSWRAS",
    "BASF",
    "BASML",
    "BATAINDIA",
    "BAYERCROP",
    "BBOX",
    "BBTC",
    "BCG",
    "BEARDSELL",
    "BEDMUTHA",
    "BEL",
    "BEPL",
    "BERGEPAINT",
    "BETA",
    "BFINVEST",
    "BFUTILITIE",
    "BGRENERGY",
    "BHAGERIA",
    "BHAGYANGR",
    "BHANDARI",
    "BHARATFORG",
    "BHARTIARTL",
    "BHEL",
    "BIL",
    "BIOCON",
    "BIOFILCHEM",
    "BIRLACABLE",
    "BIRLACORPN",
    "BIRLAMONEY",
    "BIRLANU",
    "BLBLIMITED",
    "BLISSGVS",
    "BLS",
    "BLUESTARCO",
    "BOMDYEING",
    "BORORENEW",
    "BOSCHLTD",
    "BPCL",
    "BPL",
    "BRIGADE",
    "BRNL",
    "BROOKS",
    "BSE",
    "BSL",
    "BUTTERFLY",
    "BVCL",
    "BYKE",
    "CALSOFT",
    "CANFINHOME",
    "CANTABIL",
    "CARBORUNIV",
    "CARERATING",
    "CCHHL",
    "CCL",
    "CDSL",
    "CEATLTD",
    "CELEBRITY",
    "CEMPRO",
    "CENTENKA",
    "CENTRALBK",
    "CENTRUM",
    "CERA",
    "CEREBRAINT",
    "CESC",
    "CGPOWER",
    "CHALET",
    "CHEMFAB",
    "CHENNPETRO",
    "CHOLAHLDNG",
    "CIGNITITEC",
    "CINELINE",
    "CIPLA",
    "CNL",
    "COALINDIA",
    "COLPAL",
    "COMPINFO",
    "COMPUSOFT",
    "CONSOFINVT",
    "CORDSCABLE",
    "CPCAP",
    "CREDITACC",
    "CREST",
    "CROMPTON",
    "CTE",
    "CUB",
    "CUMMINSIND",
    "CYBERTECH",
    "CYIENT",
    "DABUR",
    "DALBHARAT",
    "DALMIASUG",
    "DAMODARIND",
    "DBL",
    "DBREALTY",
    "DBSTOCKBRO",
    "DCM",
    "DCMSHRIRAM",
    "DCW",
    "DECCANCE",
    "DELTAMAGNT",
    "DENORA",
    "DHAMPURSUG",
    "DHANBANK",
    "DHANUKA",
    "DHARAN",
    "DIAMONDYD",
    "DIVISLAB",
    "DIXON",
    "DLF",
    "DLINKINDIA",
    "DMART",
    "DNAMEDIA",
    "DONEAR",
    "DPSCLTD",
    "DREDGECORP",
    "DSSL",
    "DTIL",
    "DUCON",
    "DVL",
    "DWARKESH",
    "DYNAMATECH",
    "DYNPRO",
    "ECLERX",
    "EDELWEISS",
    "EICHERMOT",
    "EIDPARRY",
    "EIFFL",
    "EIMCOELECO",
    "EKC",
    "ELECTCAST",
    "ELGIEQUIP",
    "ELGIRUBCO",
    "EMAMILTD",
    "EMAMIREAL",
    "EMBDL",
    "EMKAY",
    "EMMBI",
    "ENDURANCE",
    "ENGINERSIN",
    "EPL",
    "ESABINDIA",
    "ESCORTS",
    "ESSARSHPNG",
    "ESTER",
    "EVERESTIND",
    "EXCEL",
    "EXIDEIND",
    "FDC",
    "FEDERALBNK",
    "FEL",
    "FELDVR",
    "FIEMIND",
    "FILATEX",
    "FINEORG",
    "FINPIPE",
    "FLEXITUFF",
    "FLFL",
    "FMGOETZE",
    "FMNL",
    "FORTIS",
    "FOSECOIND",
    "GABRIEL",
    "GAEL",
    "GAIL",
    "GALAXYSURF",
    "GALLANTT",
    "GANDHITUBE",
    "GANECOS",
    "GANESHHOU",
    "GANGESSECU",
    "GARFIBRES",
    "GAYAHWS",
    "GENESYS",
    "GENUSPAPER",
    "GENUSPOWER",
    "GFLLIMITED",
    "GHCL",
    "GICHSGFIN",
    "GICRE",
    "GILLANDERS",
    "GINNIFILA",
    "GIPCL",
    "GKWLIMITED",
    "GLAXO",
    "GLENMARK",
    "GLOBUSSPR",
    "GMBREW",
    "GMDCLTD",
    "GMRAIRPORT",
    "GNA",
    "GNFC",
    "GOCLCORP",
    "GODFRYPHLP",
    "GODREJAGRO",
    "GODREJCP",
    "GODREJIND",
    "GOKEX",
    "GOKUL",
    "GOLDENTOBC",
    "GOLDIAM",
    "GOLDTECH",
    "GPPL",
    "GRAPHITE",
    "GREAVESCOT",
    "GREENLAM",
    "GREENPOWER",
    "GRINDWELL",
    "GROBTEA",
    "GRPLTD",
    "GRSE",
    "GSFC",
    "GSPL",
    "GSS",
    "GTL",
    "GTLINFRA",
    "GTPL",
    "GUFICBIO",
    "GUJALKALI",
    "GUJGASLTD",
    "GULFOILLUB",
    "GULFPETRO",
    "GVPIL",
    "GVT&D",
    "HAL",
    "HALEOSLABS",
    "HATHWAY",
    "HATSUN",
    "HAVELLS",
    "HAVISHA",
    "HCC",
    "HCG",
    "HCL-INSYS",
    "HCLTECH",
    "HDFCBANK",
    "HDFCLIFE",
    "HEADSUP",
    "HEIDELBERG",
    "HERITGFOOD",
    "HEROMOTOCO",
    "HESTERBIO",
    "HEXATRADEX",
    "HGINFRA",
    "HGM",
    "HIKAL",
    "HIMATSEIDE",
    "HINDALCO",
    "HINDCOMPOS",
    "HINDCOPPER",
    "HINDPETRO",
    "HINDUNILVR",
    "HINDZINC",
    "HITECH",
    "HITECHCORP",
    "HITECHGEAR",
    "HMVL",
    "HONDAPOWER",
    "HPL",
    "HSCL",
    "HTMEDIA",
    "HUBTOWN",
    "HUDCO",
    "HUHTAMAKI",
    "IBULLSLTD",
    "ICICIBANK",
    "ICICIGI",
    "ICIL",
    "ICRA",
    "IDBI",
    "IDFCFIRSTB",
    "IFBAGRO",
    "IFBIND",
    "IFCI",
    "IFGLEXPOR",
    "IGL",
    "IGPL",
    "IIFL",
    "IITL",
    "IL&FSENGG",
    "IMFA",
    "IMPAL",
    "INCREDIBLE",
    "INDBANK",
    "INDIACEM",
    "INDIANB",
    "INDIGO",
    "INDORAMA",
    "INDOSTAR",
    "INDOTECH",
    "INDOWIND",
    "INDRAMEDCO",
    "INDTERRAIN",
    "INDUSINDBK",
    "INFOBEAN",
    "INFY",
    "INGERRAND",
    "INSECTICID",
    "INSPIRISYS",
    "INTELLECT",
    "INTENTECH",
    "INVENTURE",
    "IOC",
    "IRB",
    "IRCON",
    "ISFT",
    "ITC",
    "ITDC",
    "ITI",
    "IVC",
    "IZMO",
    "J&KBANK",
    "JAICORPLTD",
    "JAMNAAUTO",
    "JAYAGROGN",
    "JAYBARMARU",
    "JAYNECOIND",
    "JAYSREETEA",
    "JBCHEPHARM",
    "JHS",
    "JINDALSTEL",
    "JINDRILL",
    "JINDWORLD",
    "JISLDVREQS",
    "JISLJALEQS",
    "JITFINFRA",
    "JKCEMENT",
    "JKIL",
    "JKLAKSHMI",
    "JKTYRE",
    "JMFINANCIL",
    "JOCIL",
    "JPASSOCIAT",
    "JPOLYINVST",
    "JPPOWER",
    "JTEKTINDIA",
    "JUBLFOOD",
    "JUBLPHARMA",
    "JUSTDIAL",
    "JWL",
    "KAJARIACER",
    "KAKATCEM",
    "KANANIIND",
    "KANORICHEM",
    "KARMAENG",
    "KAYA",
    "KCP",
    "KCPSUGIND",
    "KECL",
    "KEI",
    "KERNEX",
    "KHADIM",
    "KICL",
    "KILITCH",
    "KINGFA",
    "KIOCL",
    "KIRLOSBROS",
    "KIRLOSENG",
    "KIRLOSIND",
    "KKCL",
    "KMSUGAR",
    "KNRCON",
    "KOKUYOCMLN",
    "KOLTEPATIL",
    "KOPRAN",
    "KOTARISUG",
    "KOTHARIPET",
    "KPRMILL",
    "KRBL",
    "KREBSBIO",
    "KRIDHANINF",
    "KSCL",
    "KTKBANK",
    "LALPATHLAB",
    "LAMBODHARA",
    "LASA",
    "LAURUSLABS",
    "LEMONTREE",
    "LFIC",
    "LGBBROSLTD",
    "LIBAS",
    "LINCOLN",
    "LINDEINDIA",
    "LLOYDSENGG",
    "LOKESHMACH",
    "LOTUSEYE",
    "LOVABLE",
    "LPDC",
    "LT",
    "LTFOODS",
    "LTM",
    "LTTS",
    "LUMAXTECH",
    "LUXIND",
    "LYKALABS",
    "LYPSAGEMS",
    "M&M",
    "M&MFIN",
    "MAANALU",
    "MACPOWER",
    "MADHAV",
    "MADHUCON",
    "MADRASFERT",
    "MAHABANK",
    "MAHAPEXLTD",
    "MAHASTEEL",
    "MAHLOG",
    "MANAKALUCO",
    "MANAKSIA",
    "MANAKSTEEL",
    "MANALIPETC",
    "MANAPPURAM",
    "MANGLMCEM",
    "MANINFRA",
    "MANUGRAPH",
    "MARALOVER",
    "MARATHON",
    "MARKSANS",
    "MARUTI",
    "MASFIN",
    "MASTEK",
    "MATRIMONY",
    "MAWANASUG",
    "MAYURUNIQ",
    "MBLINFRA",
    "MCLEODRUSS",
    "MEP",
    "MFSL",
    "MHRIL",
    "MIDHANI",
    "MINDACORP",
    "MINDTECK",
    "MIRCELECTR",
    "MIRZAINT",
    "MITTAL",
    "MMFL",
    "MMP",
    "MMTC",
    "MODIRUBBER",
    "MOHITIND",
    "MOIL",
    "MOLDTECH",
    "MORARJEE",
    "MOREPENLAB",
    "MOTHERSON",
    "MOTILALOFS",
    "MOTOGENFIN",
    "MPSLTD",
    "MRPL",
    "MSPL",
    "MTNL",
    "MUKANDLTD",
    "MUKTAARTS",
    "MUNJALAU",
    "MUNJALSHOW",
    "MURUDCERA",
    "MUTHOOTCAP",
    "NAGAFERT",
    "NAGREEKEXP",
    "NAHARINDUS",
    "NAHARPOLY",
    "NATCOPHARM",
    "NATHBIOGEN",
    "NATIONALUM",
    "NAVINFLUOR",
    "NAVNETEDUL",
    "NBCC",
    "NBIFIN",
    "NDLVENTURE",
    "NDTV",
    "NECLIFE",
    "NELCAST",
    "NELCO",
    "NESCO",
    "NETWORK18",
    "NEULANDLAB",
    "NEWGEN",
    "NFL",
    "NH",
    "NHPC",
    "NIACL",
    "NIBL",
    "NIITLTD",
    "NILASPACES",
    "NILKAMAL",
    "NITCO",
    "NKIND",
    "NLCINDIA",
    "NOCIL",
    "NOIDATOLL",
    "NRAIL",
    "NRBBEARING",
    "OBEROIRLTY",
    "OFSS",
    "OIL",
    "OILCOUNTUB",
    "OLECTRA",
    "OMAXE",
    "OMINFRAL",
    "ONELIFECAP",
    "ONMOBILE",
    "ORICONENT",
    "ORIENTALTL",
    "ORIENTCEM",
    "ORIENTCER",
    "ORIENTELEC",
    "ORIENTHOT",
    "ORIENTPPR",
    "ORISSAMINE",
    "ORTEL",
    "OSWALAGRO",
    "OSWALGREEN",
    "PAGEIND",
    "PAISALO",
    "PALASHSECU",
    "PALREDTEC",
    "PANAMAPET",
    "PARACABLES",
    "PARAGMILK",
    "PARSVNATH",
    "PATINTLOG",
    "PCBL",
    "PDMJEPAPER",
    "PDSL",
    "PEARLPOLY",
    "PENIND",
    "PENINLAND",
    "PETRONET",
    "PFC",
    "PFIZER",
    "PFS",
    "PGHL",
    "PGIL",
    "PIDILITIND",
    "PIIND",
    "PILANIINVS",
    "PILITA",
    "PIONEEREMB",
    "PITTIENG",
    "PKTEA",
    "PLASTIBLEN",
    "PNB",
    "PNBGILTS",
    "PNBHOUSING",
    "PNCINFRA",
    "PODDARMENT",
    "POKARNA",
    "POLYMED",
    "POLYPLEX",
    "PONNIERODE",
    "POONAWALLA",
    "POWERGRID",
    "POWERMECH",
    "PPAP",
    "PRAENG",
    "PRAKASH",
    "PRAKASHSTL",
    "PRECAM",
    "PRECWIRE",
    "PREMIER",
    "PRESTIGE",
    "PRIVISCL",
    "PSPPROJECT",
    "PTC",
    "PTL",
    "PUNJABCHEM",
    "PVRINOX",
    "QUESS",
    "QUICKHEAL",
    "RADICO",
    "RADIOCITY",
    "RAIN",
    "RAJESHEXPO",
    "RAJSREESUG",
    "RAJTV",
    "RALLIS",
    "RAMANEWS",
    "RAMASTEEL",
    "RAMCOCEM",
    "RAMCOSYS",
    "RAMKY",
    "RANASUG",
    "RATNAMANI",
    "RAYMOND",
    "RBLBANK",
    "RCF",
    "RCOM",
    "RECLTD",
    "REDINGTON",
    "RELAXO",
    "RELIANCE",
    "RENUKA",
    "REPRO",
    "RGL",
    "RHFL",
    "RICOAUTO",
    "RIIL",
    "RITES",
    "RKDL",
    "RKEC",
    "RKFORGE",
    "ROHLTD",
    "ROLLT",
    "ROSSELLIND",
    "RPGLIFE",
    "RPOWER",
    "RPPINFRA",
    "RPSGVENT",
    "RSSOFTWARE",
    "RSWM",
    "RSYSTEMS",
    "RTNINDIA",
    "RUBYMILLS",
    "RUCHINFRA",
    "RUCHIRA",
    "RUPA",
    "SADBHAV",
    "SAGARDEEP",
    "SAIL",
    "SAKAR",
    "SAKHTISUG",
    "SAKSOFT",
    "SAKUMA",
    "SALASAR",
    "SALONA",
    "SALSTEEL",
    "SAMBHAAV",
    "SAMMAANCAP",
    "SANCO",
    "SANDESH",
    "SANGAMIND",
    "SANGINITA",
    "SARDAEN",
    "SARVESHWAR",
    "SASKEN",
    "SASTASUNDR",
    "SATIN",
    "SBILIFE",
    "SCHAEFFLER",
    "SCHAND",
    "SCI",
    "SEAMECLTD",
    "SEMAC",
    "SEPC",
    "SESHAPAPER",
    "SETCO",
    "SETUINFRA",
    "SFL",
    "SGL",
    "SHAH",
    "SHAKTIPUMP",
    "SHALBY",
    "SHALPAINTS",
    "SHANKARA",
    "SHARDAMOTR",
    "SHILPAMED",
    "SHIVAMAUTO",
    "SHIVATEX",
    "SHK",
    "SHOPERSTOP",
    "SHREECEM",
    "SHREEPUSHK",
    "SHREERAMA",
    "SHREYANIND",
    "SHRIPISTON",
    "SHYAMCENT",
    "SIEMENS",
    "SIGMAADV",
    "SIL",
    "SIMBHALS",
    "SIMPLEXINF",
    "SINTERCOM",
    "SIRCA",
    "SITINET",
    "SIYSIL",
    "SJVN",
    "SKFINDIA",
    "SKIPPER",
    "SMSPHARMA",
    "SNOWMAN",
    "SOBHA",
    "SOLARA",
    "SOLARINDS",
    "SOMANYCERA",
    "SOMATEX",
    "SOMICONVEY",
    "SONATSOFTW",
    "SOTL",
    "SOUTHBANK",
    "SOUTHWEST",
    "SPAL",
    "SPARC",
    "SPECIALITY",
    "SPENCERS",
    "SPIC",
    "SPLIL",
    "SPMLINFRA",
    "SREEL",
    "SRF",
    "SRHHYPOLTD",
    "SSWL",
    "STAR",
    "STARCEMENT",
    "STEELXIND",
    "STEL",
    "STERTOOLS",
    "STLTECH",
    "STYRENIX",
    "SUBEXLTD",
    "SUBROS",
    "SUMIT",
    "SUNDARAM",
    "SUNDARMFIN",
    "SUNDRMBRAK",
    "SUNDRMFAST",
    "SUNDROP",
    "SUNFLAG",
    "SUNPHARMA",
    "SUNTV",
    "SUPERHOUSE",
    "SUPERSPIN",
    "SUPRAJIT",
    "SUPREMEIND",
    "SUPREMEINF",
    "SURANASOL",
    "SURYALAXMI",
    "SURYAROSNI",
    "SUZLON",
    "SWARAJENG",
    "SWELECTES",
    "SYNGENE",
    "TAINWALCHM",
    "TAJGVK",
    "TAKE",
    "TANLA",
    "TARIL",
    "TASTYBITE",
    "TATACHEM",
    "TATACOMM",
    "TATACONSUM",
    "TATAELXSI",
    "TCI",
    "TCIEXP",
    "TCPLPACK",
    "TCS",
    "TEAMGTY",
    "TECHNOE",
    "TEXINFRA",
    "TEXMOPIPES",
    "TFL",
    "TGBHOTELS",
    "THANGAMAYL",
    "THEINVEST",
    "THERMAX",
    "TI",
    "TIIL",
    "TIJARIA",
    "TIL",
    "TIMKEN",
    "TIPSMUSIC",
    "TIRUMALCHM",
    "TITAN",
    "TMPV",
    "TNPETRO",
    "TNTELE",
    "TOKYOPLAST",
    "TORNTPHARM",
    "TPLPLASTEH",
    "TRANSWORLD",
    "TREEHOUSE",
    "TREJHARA",
    "TRF",
    "TRIDENT",
    "TRIGYN",
    "TRIVENI",
    "TSFINV",
    "TTKHLTCARE",
    "TTKPRESTIG",
    "TTML",
    "TVSELECT",
    "TVSMOTOR",
    "TVTODAY",
    "TVVISION",
    "UBL",
    "UCOBANK",
    "UFLEX",
    "UFO",
    "UGARSUGAR",
    "ULTRACEMCO",
    "UMIYA-MRO",
    "UNICHEMLAB",
    "UNIENTER",
    "UNIONBANK",
    "UNITECH",
    "UNITEDTEA",
    "UNOMINDA",
    "UPL",
    "URJA",
    "UTTAMSUGAR",
    "V2RETAIL",
    "VAIBHAVGBL",
    "VAKRANGEE",
    "VARDHACRLC",
    "VARROC",
    "VASCONEQ",
    "VASWANI",
    "VEEDOL",
    "VENKEYS",
    "VENUSREM",
    "VETO",
    "VGL",
    "VGUARD",
    "VIJIFIN",
    "VIMTALABS",
    "VINATIORGA",
    "VINDHYATEL",
    "VINYLINDIA",
    "VIPIND",
    "VIPULLTD",
    "VISAKAIND",
    "VISASTEEL",
    "VIYASH",
    "VLSFINANCE",
    "VRLLOG",
    "VSSL",
    "VSTIND",
    "VSTTILLERS",
    "WABAG",
    "WALCHANNAG",
    "WEIZMANIND",
    "WELCORP",
    "WELINV",
    "WELSPUNLIV",
    "WENDT",
    "WHEELS",
    "WHIRLPOOL",
    "WILLAMAGOR",
    "WINDMACHIN",
    "WOCKPHARMA",
    "WONDERLA",
    "WORTHPERI",
    "WSTCSTPAPR",
    "XCHANGING",
    "XELPMOC",
    "XPROINDIA",
    "YESBANK",
    "ZEEL",
    "ZEELEARN",
    "ZEEMEDIA",
    "ZENSARTECH",
    "ZENTEC",
    "ZFCVINDIA",
    "ZODIACLOTH",
    "ZOTA",
    "ZUARI",
    "ZUARIIND",
    "ZYDUSLIFE"
  ],
  "selected_stocks": [
    "JBCHEPHARM",
    "CANTABIL",
    "ADANIGREEN",
    "PDSL",
    "JPOLYINVST",
    "RATNAMANI",
    "TCS",
    "TNTELE"
  ],
  "selected_indices": [
    421,
    154,
    13,
    626,
    436,
    685,
    847,
    867
  ],
  "matrices": {
    "covariance_selected": [
      [
        0.11101210636068003,
        0.00952025952674157,
        0.014101564138048422,
        0.009415123282365946,
        0.008696509370787548,
        0.01080523323362536,
        0.006536748661140709,
        0.002987223987790655
      ],
      [
        0.00952025952674157,
        0.21631507950090278,
        0.018231437705613182,
        0.016209645100659878,
        0.020780313472810195,
        0.011437999159421876,
        0.013092338294399207,
        0.0061955274962890074
      ],
      [
        0.014101564138048422,
        0.018231437705613182,
        0.3174099183877225,
        0.01832194053005591,
        0.020508105774023594,
        0.009872114033712971,
        0.010390275443762304,
        -0.0001386598062645168
      ],
      [
        0.009415123282365946,
        0.016209645100659878,
        0.01832194053005591,
        0.1283111784411153,
        0.014442045311292881,
        0.011120675810470698,
        0.012547247893682244,
        0.012504106720962605
      ],
      [
        0.008696509370787548,
        0.020780313472810195,
        0.020508105774023594,
        0.014442045311292881,
        0.30370623481973574,
        0.008533297633647532,
        0.002636450339424884,
        0.00019303920009134426
      ],
      [
        0.01080523323362536,
        0.011437999159421876,
        0.009872114033712971,
        0.011120675810470698,
        0.008533297633647532,
        0.08966966060556622,
        0.0069990630959745675,
        0.0035950020422450568
      ],
      [
        0.006536748661140709,
        0.013092338294399207,
        0.010390275443762304,
        0.012547247893682244,
        0.002636450339424884,
        0.0069990630959745675,
        0.06736012771226604,
        -0.002083779857397229
      ],
      [
        0.002987223987790655,
        0.0061955274962890074,
        -0.0001386598062645168,
        0.012504106720962605,
        0.00019303920009134426,
        0.0035950020422450568,
        -0.002083779857397229,
        0.24476381981393236
      ]
    ],
    "qubo_selected": [
      [
        -18750.465966949952,
        0.036462875411226364,
        0.028203128276096844,
        0.04101621154804719,
        0.04757603643935677,
        0.03664388106011182,
        0.020780550887524608,
        -0.0002773196125290336
      ],
      [
        0.036462875411226364,
        -18750.286143741694,
        0.01904051905348314,
        0.04156062694562039,
        0.03290623851632221,
        0.032419290201319756,
        0.026184676588798413,
        0.012391054992578015
      ],
      [
        0.028203128276096844,
        0.01904051905348314,
        -18750.325152590434,
        0.017393018741575096,
        0.02904722481896344,
        0.01883024656473189,
        0.013073497322281418,
        0.00597444797558131
      ],
      [
        0.04101621154804719,
        0.04156062694562039,
        0.017393018741575096,
        -18750.27765383422,
        0.01409008742948965,
        0.028884090622585762,
        0.005272900678849768,
        0.0003860784001826885
      ],
      [
        0.04757603643935677,
        0.03290623851632221,
        0.02904722481896344,
        0.01409008742948965,
        -18750.261600971615,
        0.045951620375603165,
        0.03260916254100073,
        0.0018971889256756702
      ],
      [
        0.03664388106011182,
        0.032419290201319756,
        0.01883024656473189,
        0.028884090622585762,
        0.045951620375603165,
        -18750.294335773382,
        0.025094495787364487,
        0.02500821344192521
      ],
      [
        0.020780550887524608,
        0.026184676588798413,
        0.013073497322281418,
        0.005272900678849768,
        0.03260916254100073,
        0.025094495787364487,
        -18750.125039303297,
        -0.004167559714794458
      ],
      [
        -0.0002773196125290336,
        0.012391054992578015,
        0.00597444797558131,
        0.0003860784001826885,
        0.0018971889256756702,
        0.02500821344192521,
        -0.004167559714794458,
        -18750.076569108944
      ]
    ]
  }
}