{
  "scenario_group": "crash",
  "scenario_name": "2022 Global Bear Phase",
  "scenario": {
    "train_start": "2021-01-01",
    "train_end": "2021-12-31",
    "test_start": "2022-01-01",
    "test_end": "2022-06-30",
    "description": "12M train before 2022 bear phase, test in first drawdown half"
  },
  "symbols_full": [
    "20MICRONS",
    "21STCENMGM",
    "360ONE",
    "3MINDIA",
    "3PLAND",
    "5PAISA",
    "63MOONS",
    "A2ZINFRA",
    "AAKASH",
    "AARON",
    "AARTIDRUGS",
    "AARTIIND",
    "AARTISURF",
    "AARVI",
    "AAVAS",
    "ABAN",
    "ABB",
    "ABBOTINDIA",
    "ABCAPITAL",
    "ABFRL",
    "ABREL",
    "ACC",
    "ACCELYA",
    "ACCURACY",
    "ACE",
    "ADANIENSOL",
    "ADANIENT",
    "ADANIGREEN",
    "ADANIPORTS",
    "ADANIPOWER",
    "ADFFOODS",
    "ADL",
    "ADOR",
    "ADROITINFO",
    "ADSL",
    "ADVANIHOTR",
    "ADVENZYMES",
    "AEGISLOG",
    "AFFLE",
    "AGARIND",
    "AGI",
    "AGRITECH",
    "AGROPHOS",
    "AHLADA",
    "AHLEAST",
    "AHLUCONT",
    "AIAENG",
    "AIRAN",
    "AJANTPHARM",
    "AJMERA",
    "AKASH",
    "AKG",
    "AKSHARCHEM",
    "AKSHOPTFBR",
    "AKZOINDIA",
    "ALANKIT",
    "ALBERTDAVD",
    "ALEMBICLTD",
    "ALICON",
    "ALKALI",
    "ALKEM",
    "ALKYLAMINE",
    "ALLCARGO",
    "ALLDIGI",
    "ALMONDZ",
    "ALOKINDS",
    "ALPA",
    "ALPHAGEO",
    "AMBER",
    "AMBIKCO",
    "AMBUJACEM",
    "AMDIND",
    "AMJLAND",
    "AMRUTANJAN",
    "ANANTRAJ",
    "ANDHRAPAP",
    "ANDHRSUGAR",
    "ANGELONE",
    "ANIKINDS",
    "ANKITMETAL",
    "ANSALAPI",
    "ANTELOPUS",
    "ANUP",
    "APARINDS",
    "APCL",
    "APCOTEXIND",
    "APEX",
    "APLAPOLLO",
    "APLLTD",
    "APOLLO",
    "APOLLOHOSP",
    "APOLLOPIPE",
    "APOLLOTYRE",
    "APOLSINHOT",
    "APTECHT",
    "ARCHIDPLY",
    "ARCHIES",
    "ARE&M",
    "ARENTERP",
    "ARIES",
    "ARIHANTSUP",
    "ARMANFIN",
    "AROGRANITE",
    "ARROWGREEN",
    "ARTEMISMED",
    "ARVIND",
    "ARVINDFASN",
    "ARVSMART",
    "ASAHIINDIA",
    "ASAHISONG",
    "ASAL",
    "ASALCBR",
    "ASHAPURMIN",
    "ASHIANA",
    "ASHIMASYN",
    "ASHOKA",
    "ASHOKLEY",
    "ASIANHOTNR",
    "ASIANPAINT",
    "ASIANTILES",
    "ASPINWALL",
    "ASTEC",
    "ASTERDM",
    "ASTRAL",
    "ASTRAMICRO",
    "ASTRAZEN",
    "ASTRON",
    "ATGL",
    "ATLANTAA",
    "ATUL",
    "ATULAUTO",
    "AUBANK",
    "AURIGROW",
    "AURIONPRO",
    "AUROPHARMA",
    "AURUM",
    "AUSOMENT",
    "AUTOAXLES",
    "AUTOIND",
    "AVADHSUGAR",
    "AVANTIFEED",
    "AVTNPL",
    "AWHCL",
    "AXISBANK",
    "AXISCADES",
    "AYMSYNTEX",
    "BAFNAPH",
    "BAGFILMS",
    "BAJAJ-AUTO",
    "BAJAJCON",
    "BAJAJELEC",
    "BAJAJFINSV",
    "BAJAJHIND",
    "BAJAJHLDNG",
    "BAJFINANCE",
    "BALAJITELE",
    "BALAMINES",
    "BALAXI",
    "BALKRISIND",
    "BALMLAWRIE",
    "BALPHARMA",
    "BALRAMCHIN",
    "BANARBEADS",
    "BANARISUG",
    "BANCOINDIA",
    "BANDHANBNK",
    "BANG",
    "BANKA",
    "BANKBARODA",
    "BANKINDIA",
    "BANSWRAS",
    "BASF",
    "BASML",
    "BATAINDIA",
    "BAYERCROP",
    "BBL",
    "BBOX",
    "BBTC",
    "BCG",
    "BCLIND",
    "BCONCEPTS",
    "BDL",
    "BEARDSELL",
    "BECTORFOOD",
    "BEDMUTHA",
    "BEL",
    "BEML",
    "BEPL",
    "BERGEPAINT",
    "BESTAGRO",
    "BETA",
    "BFINVEST",
    "BFUTILITIE",
    "BGRENERGY",
    "BHAGERIA",
    "BHAGYANGR",
    "BHANDARI",
    "BHARATFORG",
    "BHARATGEAR",
    "BHARATRAS",
    "BHARATWIRE",
    "BHARTIARTL",
    "BHEL",
    "BIGBLOC",
    "BIL",
    "BIOCON",
    "BIOFILCHEM",
    "BIRLACABLE",
    "BIRLACORPN",
    "BIRLAMONEY",
    "BIRLANU",
    "BLBLIMITED",
    "BLISSGVS",
    "BLKASHYAP",
    "BLS",
    "BLUEDART",
    "BLUESTARCO",
    "BODALCHEM",
    "BOMDYEING",
    "BOROLTD",
    "BORORENEW",
    "BOSCH-HCIL",
    "BOSCHLTD",
    "BPCL",
    "BPL",
    "BRIGADE",
    "BRITANNIA",
    "BRNL",
    "BROOKS",
    "BSE",
    "BSHSL",
    "BSL",
    "BSOFT",
    "BUTTERFLY",
    "BVCL",
    "BYKE",
    "CALSOFT",
    "CAMLINFINE",
    "CAMS",
    "CANBK",
    "CANFINHOME",
    "CANTABIL",
    "CAPACITE",
    "CAPLIPOINT",
    "CAPTRUST",
    "CARBORUNIV",
    "CARERATING",
    "CARYSIL",
    "CASTROLIND",
    "CCAVENUE",
    "CCHHL",
    "CCL",
    "CDSL",
    "CEATLTD",
    "CELEBRITY",
    "CEMPRO",
    "CENTENKA",
    "CENTEXT",
    "CENTRALBK",
    "CENTRUM",
    "CENTUM",
    "CENTURYPLY",
    "CERA",
    "CEREBRAINT",
    "CESC",
    "CGCL",
    "CGPOWER",
    "CHALET",
    "CHAMBLFERT",
    "CHEMBOND",
    "CHEMCON",
    "CHEMFAB",
    "CHENNPETRO",
    "CHOLAFIN",
    "CHOLAHLDNG",
    "CIEINDIA",
    "CIGNITITEC",
    "CINELINE",
    "CINEVISTA",
    "CIPLA",
    "CLEDUCATE",
    "CNL",
    "COALINDIA",
    "COCHINSHIP",
    "COFORGE",
    "COHANCE",
    "COLPAL",
    "COMPINFO",
    "COMPUSOFT",
    "CONCOR",
    "CONFIPET",
    "CONSOFINVT",
    "CONTROLPR",
    "CORALFINAC",
    "CORDSCABLE",
    "COROMANDEL",
    "COSMOFIRST",
    "COUNCODOS",
    "CPCAP",
    "CREDITACC",
    "CREST",
    "CRISIL",
    "CROMPTON",
    "CSBBANK",
    "CTE",
    "CUB",
    "CUBEXTUB",
    "CUMMINSIND",
    "CUPID",
    "CYBERMEDIA",
    "CYBERTECH",
    "CYIENT",
    "DABUR",
    "DALBHARAT",
    "DALMIASUG",
    "DAMODARIND",
    "DANGEE",
    "DATAMATICS",
    "DBCORP",
    "DBL",
    "DBREALTY",
    "DBSTOCKBRO",
    "DCAL",
    "DCBBANK",
    "DCM",
    "DCMNVL",
    "DCMSHRIRAM",
    "DCW",
    "DECCANCE",
    "DEEPAKFERT",
    "DEEPAKNTR",
    "DELPHIFX",
    "DELTACORP",
    "DELTAMAGNT",
    "DEN",
    "DENORA",
    "DGCONTENT",
    "DHAMPURSUG",
    "DHANBANK",
    "DHANUKA",
    "DHARAN",
    "DHUNINV",
    "DIAMONDYD",
    "DICIND",
    "DIGISPICE",
    "DISHTV",
    "DIVISLAB",
    "DIXON",
    "DLF",
    "DLINKINDIA",
    "DMART",
    "DNAMEDIA",
    "DOLATALGO",
    "DOLLAR",
    "DONEAR",
    "DPABHUSHAN",
    "DPSCLTD",
    "DPWIRES",
    "DREDGECORP",
    "DRREDDY",
    "DSSL",
    "DTIL",
    "DUCON",
    "DVL",
    "DWARKESH",
    "DYNAMATECH",
    "DYNPRO",
    "E2E",
    "ECLERX",
    "EDELWEISS",
    "EICHERMOT",
    "EIDPARRY",
    "EIHAHOTELS",
    "EIHOTEL",
    "EIMCOELECO",
    "EKC",
    "ELECON",
    "ELECTCAST",
    "ELECTHERM",
    "ELGIEQUIP",
    "ELGIRUBCO",
    "EMAMILTD",
    "EMAMIPAP",
    "EMAMIREAL",
    "EMBDL",
    "EMKAY",
    "EMMBI",
    "ENDURANCE",
    "ENERGYDEV",
    "ENGINERSIN",
    "ENIL",
    "EPL",
    "EQUITASBNK",
    "ERIS",
    "ESABINDIA",
    "ESCORTS",
    "ESSARSHPNG",
    "ESTER",
    "EVEREADY",
    "EVERESTIND",
    "EXCEL",
    "EXCELINDUS",
    "EXIDEIND",
    "EXPLEOSOL",
    "FACT",
    "FAIRCHEMOR",
    "FCL",
    "FCSSOFT",
    "FDC",
    "FEDERALBNK",
    "FEL",
    "FELDVR",
    "FIEMIND",
    "FILATEX",
    "FINCABLES",
    "FINEORG",
    "FINPIPE",
    "FLEXITUFF",
    "FLFL",
    "FLUOROCHEM",
    "FMGOETZE",
    "FMNL",
    "FORCEMOT",
    "FORTIS",
    "FOSECOIND",
    "FSL",
    "GABRIEL",
    "GAEL",
    "GAIL",
    "GALAXYSURF",
    "GALLANTT",
    "GANDHITUBE",
    "GANECOS",
    "GANESHHOU",
    "GANGESSECU",
    "GARFIBRES",
    "GATECHDVR",
    "GAYAHWS",
    "GEECEE",
    "GEEKAYWIRE",
    "GENCON",
    "GENESYS",
    "GENUSPAPER",
    "GENUSPOWER",
    "GEOJITFSL",
    "GESHIP",
    "GFLLIMITED",
    "GHCL",
    "GICHSGFIN",
    "GICRE",
    "GILLANDERS",
    "GILLETTE",
    "GINNIFILA",
    "GIPCL",
    "GKWLIMITED",
    "GLAND",
    "GLAXO",
    "GLENMARK",
    "GLFL",
    "GLOBAL",
    "GLOBALVECT",
    "GLOBUSSPR",
    "GMBREW",
    "GMDCLTD",
    "GMMPFAUDLR",
    "GMRAIRPORT",
    "GNA",
    "GNFC",
    "GOACARBON",
    "GOCLCORP",
    "GODFRYPHLP",
    "GODREJAGRO",
    "GODREJCP",
    "GODREJIND",
    "GODREJPROP",
    "GOKEX",
    "GOKUL",
    "GOKULAGRO",
    "GOLDENTOBC",
    "GOLDIAM",
    "GOLDTECH",
    "GOODLUCK",
    "GPIL",
    "GPPL",
    "GPTINFRA",
    "GRANULES",
    "GRAPHITE",
    "GRASIM",
    "GRAVITA",
    "GREAVESCOT",
    "GREENLAM",
    "GREENPANEL",
    "GREENPLY",
    "GREENPOWER",
    "GRINDWELL",
    "GROBTEA",
    "GRPLTD",
    "GRSE",
    "GSFC",
    "GSPL",
    "GSS",
    "GTECJAINX",
    "GTL",
    "GTLINFRA",
    "GTPL",
    "GUFICBIO",
    "GUJALKALI",
    "GUJAPOLLO",
    "GUJGASLTD",
    "GUJRAFFIA",
    "GULFOILLUB",
    "GULFPETRO",
    "GULPOLY",
    "GVPIL",
    "GVT&D",
    "HAL",
    "HALEOSLABS",
    "HAPPSTMNDS",
    "HARRMALAYA",
    "HATHWAY",
    "HATSUN",
    "HAVELLS",
    "HAVISHA",
    "HBLENGINE",
    "HBSL",
    "HCC",
    "HCG",
    "HCL-INSYS",
    "HCLTECH",
    "HDFCAMC",
    "HDFCBANK",
    "HDFCLIFE",
    "HEADSUP",
    "HEG",
    "HEIDELBERG",
    "HEMIPROP",
    "HERANBA",
    "HERITGFOOD",
    "HEROMOTOCO",
    "HESTERBIO",
    "HEXATRADEX",
    "HFCL",
    "HGINFRA",
    "HGM",
    "HGS",
    "HIKAL",
    "HILTON",
    "HIMATSEIDE",
    "HINDALCO",
    "HINDCOMPOS",
    "HINDCOPPER",
    "HINDOILEXP",
    "HINDPETRO",
    "HINDUNILVR",
    "HINDWAREAP",
    "HINDZINC",
    "HIRECT",
    "HISARMETAL",
    "HITECH",
    "HITECHCORP",
    "HITECHGEAR",
    "HLEGLAS",
    "HLVLTD",
    "HMT",
    "HMVL",
    "HNDFDS",
    "HOMEFIRST",
    "HONAUT",
    "HONDAPOWER",
    "HPL",
    "HSCL",
    "HTMEDIA",
    "HUBTOWN",
    "HUDCO",
    "HUHTAMAKI",
    "IBULLSLTD",
    "ICEMAKE",
    "ICICIBANK",
    "ICICIGI",
    "ICICIPRULI",
    "ICIL",
    "ICRA",
    "IDBI",
    "IDEA",
    "IDFCFIRSTB",
    "IEX",
    "IFBAGRO",
    "IFBIND",
    "IFCI",
    "IFGLEXPOR",
    "IGARASHI",
    "IGL",
    "IGPL",
    "IIFL",
    "IIFLCAPS",
    "IITL",
    "IL&FSENGG",
    "IL&FSTRANS",
    "IMAGICAA",
    "IMFA",
    "IMPAL",
    "INCREDIBLE",
    "INDBANK",
    "INDHOTEL",
    "INDIACEM",
    "INDIAGLYCO",
    "INDIAMART",
    "INDIANB",
    "INDIANCARD",
    "INDIANHUME",
    "INDIGO",
    "INDIGOPNTS",
    "INDNIPPON",
    "INDOCO",
    "INDORAMA",
    "INDOSTAR",
    "INDOTECH",
    "INDOTHAI",
    "INDOWIND",
    "INDRAMEDCO",
    "INDSWFTLAB",
    "INDTERRAIN",
    "INDUSINDBK",
    "INDUSTOWER",
    "INFOBEAN",
    "INFOMEDIA",
    "INFY",
    "INGERRAND",
    "INOXWIND",
    "INSECTICID",
    "INSPIRISYS",
    "INTELLECT",
    "INTENTECH",
    "INVENTURE",
    "IOB",
    "IOC",
    "IOLCP",
    "IPCALAB",
    "IRB",
    "IRCON",
    "IRCTC",
    "IRFC",
    "IRISDOREME",
    "ISFT",
    "ITC",
    "ITDC",
    "ITI",
    "IVC",
    "IVP",
    "IZMO",
    "J&KBANK",
    "JAGRAN",
    "JAGSNPHARM",
    "JAIBALAJI",
    "JAICORPLTD",
    "JAMNAAUTO",
    "JASH",
    "JAYAGROGN",
    "JAYBARMARU",
    "JAYNECOIND",
    "JAYSREETEA",
    "JBCHEPHARM",
    "JBMA",
    "JHS",
    "JINDALPHOT",
    "JINDALPOLY",
    "JINDALSAW",
    "JINDALSTEL",
    "JINDRILL",
    "JINDWORLD",
    "JISLDVREQS",
    "JISLJALEQS",
    "JITFINFRA",
    "JKCEMENT",
    "JKIL",
    "JKLAKSHMI",
    "JKPAPER",
    "JKTYRE",
    "JMA",
    "JMFINANCIL",
    "JOCIL",
    "JPASSOCIAT",
    "JPPOWER",
    "JSL",
    "JSWENERGY",
    "JSWHL",
    "JSWSTEEL",
    "JTEKTINDIA",
    "JUBLFOOD",
    "JUBLPHARMA",
    "JUSTDIAL",
    "JWL",
    "JYOTHYLAB",
    "JYOTISTRUC",
    "KABRAEXTRU",
    "KAJARIACER",
    "KAKATCEM",
    "KALYANIFRG",
    "KAMATHOTEL",
    "KAMDHENU",
    "KANANIIND",
    "KANORICHEM",
    "KANPRPLA",
    "KANSAINER",
    "KAPSTON",
    "KARMAENG",
    "KARURVYSYA",
    "KAYA",
    "KCP",
    "KCPSUGIND",
    "KDDL",
    "KEC",
    "KECL",
    "KEI",
    "KELLTONTEC",
    "KERNEX",
    "KESORAMIND",
    "KEYFINSERV",
    "KHADIM",
    "KHAICHEM",
    "KHANDSE",
    "KICL",
    "KILITCH",
    "KINGFA",
    "KIOCL",
    "KIRIINDUS",
    "KIRLOSBROS",
    "KIRLOSENG",
    "KIRLOSIND",
    "KITEX",
    "KKCL",
    "KMSUGAR",
    "KNRCON",
    "KOKUYOCMLN",
    "KOLTEPATIL",
    "KOPRAN",
    "KOTAKBANK",
    "KOTARISUG",
    "KOTHARIPET",
    "KOTHARIPRO",
    "KPIL",
    "KPITTECH",
    "KPRMILL",
    "KRBL",
    "KREBSBIO",
    "KRIDHANINF",
    "KRISHANA",
    "KSB",
    "KSCL",
    "KSL",
    "KTKBANK",
    "KUANTUM",
    "LAGNAM",
    "LAKPRE",
    "LALPATHLAB",
    "LAMBODHARA",
    "LAOPALA",
    "LASA",
    "LAURUSLABS",
    "LEMONTREE",
    "LFIC",
    "LGBBROSLTD",
    "LIBAS",
    "LIBERTSHOE",
    "LICHSGFIN",
    "LIKHITHA",
    "LINC",
    "LINCOLN",
    "LINDEINDIA",
    "LLOYDSENGG",
    "LMW",
    "LOKESHMACH",
    "LOTUSEYE",
    "LOVABLE",
    "LPDC",
    "LT",
    "LTF",
    "LTFOODS",
    "LTM",
    "LTTS",
    "LUMAXIND",
    "LUMAXTECH",
    "LUPIN",
    "LUXIND",
    "LYKALABS",
    "LYPSAGEMS",
    "M&M",
    "M&MFIN",
    "MAANALU",
    "MACPOWER",
    "MADHAV",
    "MADHUCON",
    "MADRASFERT",
    "MAGADSUGAR",
    "MAHABANK",
    "MAHAPEXLTD",
    "MAHASTEEL",
    "MAHEPC",
    "MAHESHWARI",
    "MAHLIFE",
    "MAHLOG",
    "MAHSCOOTER",
    "MAHSEAMLES",
    "MAITHANALL",
    "MALUPAPER",
    "MANAKALUCO",
    "MANAKCOAT",
    "MANAKSIA",
    "MANAKSTEEL",
    "MANALIPETC",
    "MANAPPURAM",
    "MANGALAM",
    "MANGLMCEM",
    "MANINDS",
    "MANINFRA",
    "MANUGRAPH",
    "MARALOVER",
    "MARATHON",
    "MARICO",
    "MARINE",
    "MARKSANS",
    "MARUTI",
    "MASFIN",
    "MASKINVEST",
    "MASTEK",
    "MATRIMONY",
    "MAWANASUG",
    "MAXHEALTH",
    "MAXIND",
    "MAYURUNIQ",
    "MAZDA",
    "MAZDOCK",
    "MBAPL",
    "MBLINFRA",
    "MCL",
    "MCLEODRUSS",
    "MCX",
    "MENONBE",
    "MEP",
    "METROPOLIS",
    "MFSL",
    "MGEL",
    "MGL",
    "MHRIL",
    "MIDHANI",
    "MINDACORP",
    "MINDTECK",
    "MIRCELECTR",
    "MIRZAINT",
    "MITTAL",
    "MMFL",
    "MMP",
    "MMTC",
    "MODIRUBBER",
    "MOHITIND",
    "MOIL",
    "MOLDTECH",
    "MOLDTKPAC",
    "MONTECARLO",
    "MORARJEE",
    "MOREPENLAB",
    "MOTHERSON",
    "MOTILALOFS",
    "MOTOGENFIN",
    "MPHASIS",
    "MPSLTD",
    "MRF",
    "MRPL",
    "MSPL",
    "MSTCLTD",
    "MTARTECH",
    "MTEDUCARE",
    "MTNL",
    "MUKANDLTD",
    "MUKTAARTS",
    "MUNJALAU",
    "MUNJALSHOW",
    "MURUDCERA",
    "MUTHOOTCAP",
    "MUTHOOTFIN",
    "NACLIND",
    "NAGAFERT",
    "NAGREEKEXP",
    "NAHARCAP",
    "NAHARINDUS",
    "NAHARPOLY",
    "NAHARSPING",
    "NAM-INDIA",
    "NATCOPHARM",
    "NATHBIOGEN",
    "NATIONALUM",
    "NAUKRI",
    "NAVA",
    "NAVINFLUOR",
    "NAVKARCORP",
    "NAVNETEDUL",
    "NBCC",
    "NBIFIN",
    "NCC",
    "NCLIND",
    "NDGL",
    "NDL",
    "NDLVENTURE",
    "NDRAUTO",
    "NDTV",
    "NECCLTD",
    "NECLIFE",
    "NELCAST",
    "NELCO",
    "NEOGEN",
    "NESCO",
    "NESTLEIND",
    "NETWORK18",
    "NEULANDLAB",
    "NEWGEN",
    "NFL",
    "NH",
    "NHPC",
    "NIACL",
    "NIBL",
    "NIITLTD",
    "NILAINFRA",
    "NILASPACES",
    "NILKAMAL",
    "NIPPOBATRY",
    "NIRAJ",
    "NITCO",
    "NITINSPIN",
    "NKIND",
    "NLCINDIA",
    "NMDC",
    "NOCIL",
    "NOIDATOLL",
    "NORBTEAEXP",
    "NRAIL",
    "NRBBEARING",
    "NSIL",
    "NTPC",
    "NUCLEUS",
    "NURECA",
    "OAL",
    "OBEROIRLTY",
    "OFSS",
    "OIL",
    "OILCOUNTUB",
    "OLECTRA",
    "OMAXAUTO",
    "OMAXE",
    "OMINFRAL",
    "ONELIFECAP",
    "ONEPOINT",
    "ONGC",
    "ONMOBILE",
    "ONWARDTEC",
    "OPTIEMUS",
    "ORBTEXP",
    "ORCHPHARMA",
    "ORICONENT",
    "ORIENTALTL",
    "ORIENTBELL",
    "ORIENTCEM",
    "ORIENTCER",
    "ORIENTELEC",
    "ORIENTHOT",
    "ORIENTLTD",
    "ORIENTPPR",
    "ORISSAMINE",
    "ORTEL",
    "OSWALAGRO",
    "OSWALGREEN",
    "PAGEIND",
    "PAISALO",
    "PALASHSECU",
    "PALREDTEC",
    "PANACEABIO",
    "PANACHE",
    "PANAMAPET",
    "PAR",
    "PARACABLES",
    "PARAGMILK",
    "PARSVNATH",
    "PATANJALI",
    "PATELENG",
    "PATINTLOG",
    "PCBL",
    "PCJEWELLER",
    "PDMJEPAPER",
    "PDSL",
    "PEARLPOLY",
    "PENIND",
    "PENINLAND",
    "PERSISTENT",
    "PETRONET",
    "PFC",
    "PFIZER",
    "PFOCUS",
    "PFS",
    "PGEL",
    "PGHH",
    "PGHL",
    "PGIL",
    "PHOENIXLTD",
    "PIDILITIND",
    "PIIND",
    "PILANIINVS",
    "PILITA",
    "PIONEEREMB",
    "PITTIENG",
    "PKTEA",
    "PLASTIBLEN",
    "PNB",
    "PNBGILTS",
    "PNBHOUSING",
    "PNC",
    "PNCINFRA",
    "PODDARMENT",
    "POKARNA",
    "POLYCAB",
    "POLYMED",
    "POLYPLEX",
    "PONNIERODE",
    "POONAWALLA",
    "POWERGRID",
    "POWERINDIA",
    "POWERMECH",
    "PPAP",
    "PPL",
    "PRAENG",
    "PRAJIND",
    "PRAKASH",
    "PRAKASHSTL",
    "PRAXIS",
    "PRECAM",
    "PRECOT",
    "PRECWIRE",
    "PREMEXPLN",
    "PREMIER",
    "PREMIERPOL",
    "PRESTIGE",
    "PRICOLLTD",
    "PRIMESECU",
    "PRINCEPIPE",
    "PRIVISCL",
    "PROZONER",
    "PRSMJOHNSN",
    "PSB",
    "PSPPROJECT",
    "PTC",
    "PTL",
    "PUNJABCHEM",
    "PURVA",
    "PVRINOX",
    "QUESS",
    "QUICKHEAL",
    "RADAAN",
    "RADICO",
    "RADIOCITY",
    "RAILTEL",
    "RAIN",
    "RAJESHEXPO",
    "RAJMET",
    "RAJRATAN",
    "RAJSREESUG",
    "RAJTV",
    "RALLIS",
    "RAMANEWS",
    "RAMASTEEL",
    "RAMCOCEM",
    "RAMCOIND",
    "RAMCOSYS",
    "RAMKY",
    "RANASUG",
    "RANEHOLDIN",
    "RATNAMANI",
    "RAYMOND",
    "RBA",
    "RBLBANK",
    "RCF",
    "RCOM",
    "RECLTD",
    "REDINGTON",
    "REFEX",
    "RELAXO",
    "RELIANCE",
    "RELIGARE",
    "RELINFRA",
    "REMSONSIND",
    "RENUKA",
    "REPCOHOME",
    "REPL",
    "REPRO",
    "RESPONIND",
    "RGL",
    "RHFL",
    "RHIM",
    "RICOAUTO",
    "RIIL",
    "RITES",
    "RKDL",
    "RKEC",
    "RKFORGE",
    "RML",
    "ROHLTD",
    "ROLLT",
    "ROML",
    "ROSSARI",
    "ROSSELLIND",
    "ROUTE",
    "RPGLIFE",
    "RPOWER",
    "RPPINFRA",
    "RPSGVENT",
    "RSSOFTWARE",
    "RSWM",
    "RSYSTEMS",
    "RTNINDIA",
    "RTNPOWER",
    "RUBYMILLS",
    "RUCHINFRA",
    "RUCHIRA",
    "RUPA",
    "RUSHIL",
    "RVHL",
    "RVNL",
    "S&SPOWER",
    "SABEVENTS",
    "SADBHAV",
    "SADBHIN",
    "SAFARI",
    "SAGARDEEP",
    "SAGCEM",
    "SAIL",
    "SAKAR",
    "SAKHTISUG",
    "SAKSOFT",
    "SAKUMA",
    "SALASAR",
    "SALONA",
    "SALSTEEL",
    "SALZERELEC",
    "SAMBHAAV",
    "SAMMAANCAP",
    "SAMPANN",
    "SANCO",
    "SANDESH",
    "SANDHAR",
    "SANGAMIND",
    "SANGHIIND",
    "SANGHVIMOV",
    "SANGINITA",
    "SANOFI",
    "SARDAEN",
    "SAREGAMA",
    "SARLAPOLY",
    "SARVESHWAR",
    "SASKEN",
    "SASTASUNDR",
    "SATIA",
    "SATIN",
    "SBICARD",
    "SBILIFE",
    "SBIN",
    "SCHAEFFLER",
    "SCHAND",
    "SCHNEIDER",
    "SCI",
    "SDBL",
    "SEAMECLTD",
    "SECURKLOUD",
    "SEMAC",
    "SEPC",
    "SESHAPAPER",
    "SETCO",
    "SETUINFRA",
    "SEYAIND",
    "SFL",
    "SGL",
    "SHAH",
    "SHAKTIPUMP",
    "SHALBY",
    "SHALPAINTS",
    "SHANKARA",
    "SHANTIGEAR",
    "SHARDACROP",
    "SHARDAMOTR",
    "SHAREINDIA",
    "SHEMAROO",
    "SHILPAMED",
    "SHIVAMAUTO",
    "SHIVAMILLS",
    "SHIVATEX",
    "SHK",
    "SHOPERSTOP",
    "SHREDIGCEM",
    "SHREECEM",
    "SHREEPUSHK",
    "SHREERAMA",
    "SHRENIK",
    "SHREYANIND",
    "SHRIPISTON",
    "SHRIRAMFIN",
    "SHYAMCENT",
    "SIEMENS",
    "SIGIND",
    "SIGMAADV",
    "SIL",
    "SILGO",
    "SILINV",
    "SILLYMONKS",
    "SIMBHALS",
    "SIMPLEXINF",
    "SINTERCOM",
    "SIRCA",
    "SIS",
    "SITINET",
    "SIYSIL",
    "SJVN",
    "SKFINDIA",
    "SKIPPER",
    "SKMEGGPROD",
    "SMARTLINK",
    "SMCGLOBAL",
    "SMLMAH",
    "SMSPHARMA",
    "SNOWMAN",
    "SOBHA",
    "SOLARA",
    "SOLARINDS",
    "SOMANYCERA",
    "SOMATEX",
    "SOMICONVEY",
    "SONATSOFTW",
    "SOTL",
    "SOUTHBANK",
    "SOUTHWEST",
    "SPAL",
    "SPANDANA",
    "SPARC",
    "SPECIALITY",
    "SPENCERS",
    "SPIC",
    "SPLIL",
    "SPMLINFRA",
    "SREEL",
    "SRF",
    "SRHHYPOLTD",
    "SSWL",
    "STAR",
    "STARCEMENT",
    "STARPAPER",
    "STCINDIA",
    "STEELCITY",
    "STEELXIND",
    "STEL",
    "STERTOOLS",
    "STLTECH",
    "STOVEKRAFT",
    "STYRENIX",
    "SUBEXLTD",
    "SUBROS",
    "SUDARCOLOR",
    "SUDARSCHEM",
    "SUMICHEM",
    "SUMIT",
    "SUMMITSEC",
    "SUNDARAM",
    "SUNDARMFIN",
    "SUNDRMBRAK",
    "SUNDRMFAST",
    "SUNDROP",
    "SUNFLAG",
    "SUNPHARMA",
    "SUNTECK",
    "SUNTV",
    "SUPERHOUSE",
    "SUPERSPIN",
    "SUPRAJIT",
    "SUPREMEENG",
    "SUPREMEIND",
    "SURANASOL",
    "SURANAT&P",
    "SURYALAXMI",
    "SURYAROSNI",
    "SUTLEJTEX",
    "SUVEN",
    "SUZLON",
    "SWANCORP",
    "SWARAJENG",
    "SWELECTES",
    "SWSOLAR",
    "SYMPHONY",
    "SYNGENE",
    "TAINWALCHM",
    "TAJGVK",
    "TAKE",
    "TALBROAUTO",
    "TANLA",
    "TARC",
    "TARIL",
    "TARMAT",
    "TASTYBITE",
    "TATACHEM",
    "TATACOMM",
    "TATACONSUM",
    "TATAELXSI",
    "TATAINVEST",
    "TATAPOWER",
    "TATASTEEL",
    "TBZ",
    "TCI",
    "TCIEXP",
    "TCIFINANCE",
    "TCPLPACK",
    "TCS",
    "TDPOWERSYS",
    "TEAMGTY",
    "TEAMLEASE",
    "TECHM",
    "TECHNOE",
    "TEJASNET",
    "TEMBO",
    "TERASOFT",
    "TEXINFRA",
    "TEXMOPIPES",
    "TEXRAIL",
    "TFCILTD",
    "TFL",
    "TGBHOTELS",
    "THANGAMAYL",
    "THEINVEST",
    "THEJO",
    "THEMISMED",
    "THERMAX",
    "THOMASCOOK",
    "THOMASCOTT",
    "THYROCARE",
    "TI",
    "TIIL",
    "TIINDIA",
    "TIJARIA",
    "TIL",
    "TIMETECHNO",
    "TIMKEN",
    "TIPSMUSIC",
    "TIRUMALCHM",
    "TIRUPATIFL",
    "TITAGARH",
    "TITAN",
    "TMPV",
    "TNPETRO",
    "TNPL",
    "TNTELE",
    "TOKYOPLAST",
    "TORNTPHARM",
    "TORNTPOWER",
    "TOTAL",
    "TOUCHWOOD",
    "TPLPLASTEH",
    "TRANSWORLD",
    "TREEHOUSE",
    "TREJHARA",
    "TRENT",
    "TRF",
    "TRIDENT",
    "TRIGYN",
    "TRITURBINE",
    "TRIVENI",
    "TSFINV",
    "TTKHLTCARE",
    "TTKPRESTIG",
    "TTL",
    "TTML",
    "TVSELECT",
    "TVSHLTD",
    "TVSMOTOR",
    "TVSSRICHAK",
    "TVTODAY",
    "TVVISION",
    "UBL",
    "UCAL",
    "UCOBANK",
    "UFLEX",
    "UFO",
    "UGARSUGAR",
    "UJJIVANSFB",
    "ULTRACEMCO",
    "UMESLTD",
    "UMIYA-MRO",
    "UNICHEMLAB",
    "UNIDT",
    "UNIENTER",
    "UNIONBANK",
    "UNITDSPR",
    "UNITECH",
    "UNITEDTEA",
    "UNIVASTU",
    "UNIVCABLES",
    "UNIVPHOTO",
    "UNOMINDA",
    "UPL",
    "URJA",
    "USHAMART",
    "UTIAMC",
    "UTTAMSUGAR",
    "V2RETAIL",
    "VADILALIND",
    "VAIBHAVGBL",
    "VAISHALI",
    "VAKRANGEE",
    "VALIANTORG",
    "VARDHACRLC",
    "VARDMNPOLY",
    "VARROC",
    "VASCONEQ",
    "VASWANI",
    "VBL",
    "VEDL",
    "VEEDOL",
    "VENKEYS",
    "VENUSREM",
    "VESUVIUS",
    "VETO",
    "VGL",
    "VGUARD",
    "VHL",
    "VIDHIING",
    "VIJIFIN",
    "VIKASECO",
    "VIKASLIFE",
    "VIMTALABS",
    "VINATIORGA",
    "VINDHYATEL",
    "VINYLINDIA",
    "VIPCLOTHNG",
    "VIPIND",
    "VIPULLTD",
    "VISAKAIND",
    "VISASTEEL",
    "VISHNU",
    "VISHWARAJ",
    "VIVIDHA",
    "VIYASH",
    "VLSFINANCE",
    "VMART",
    "VOLTAMP",
    "VOLTAS",
    "VRLLOG",
    "VSSL",
    "VSTIND",
    "VSTTILLERS",
    "VTL",
    "WABAG",
    "WALCHANNAG",
    "WANBURY",
    "WEALTH",
    "WEBELSOLAR",
    "WEIZMANIND",
    "WELCORP",
    "WELENT",
    "WELINV",
    "WELSPUNLIV",
    "WENDT",
    "WESTLIFE",
    "WHEELS",
    "WHIRLPOOL",
    "WILLAMAGOR",
    "WINDMACHIN",
    "WIPL",
    "WIPRO",
    "WOCKPHARMA",
    "WONDERLA",
    "WORTHPERI",
    "WSI",
    "WSTCSTPAPR",
    "XCHANGING",
    "XELPMOC",
    "XPROINDIA",
    "YESBANK",
    "ZEEL",
    "ZEELEARN",
    "ZEEMEDIA",
    "ZENITHEXPO",
    "ZENSARTECH",
    "ZENTEC",
    "ZFCVINDIA",
    "ZODIACLOTH",
    "ZOTA",
    "ZUARI",
    "ZUARIIND",
    "ZYDUSLIFE",
    "ZYDUSWELL"
  ],
  "selected_stocks": [
    "SABEVENTS",
    "POONAWALLA",
    "ASAL",
    "XPROINDIA",
    "TTML",
    "SAMPANN",
    "RAJMET",
    "ANKITMETAL",
    "GATECHDVR",
    "VIJIFIN",
    "GANESHHOU",
    "21STCENMGM",
    "LLOYDSENGG",
    "BCG",
    "ARIHANTSUP"
  ],
  "selected_indices": [
    1125,
    1021,
    110,
    1476,
    1371,
    1142,
    1060,
    79,
    436,
    1426,
    433,
    1,
    769,
    178,
    100
  ],
  "matrices": {
    "covariance_selected": [
      [
        0.2752718029558799,
        -0.0021702756988265146,
        0.049357631767182254,
        -0.02341052105872516,
        0.04883484364936743,
        0.024786946782736154,
        -0.0007381447406549605,
        0.02359798223366129,
        -0.010175740258509319,
        0.017369690908270428,
        -0.006245285539875785,
        -0.011643603953072968,
        0.01783751362439213,
        0.008520886172060819,
        -0.008005574481616422
      ],
      [
        -0.0021702756988265146,
        0.3205367470443789,
        0.0009919306278161819,
        0.0007931228122640574,
        -0.0033897152067086773,
        -0.014176927771353567,
        0.0046219372633536536,
        -0.000451321198365557,
        -0.008018756985894347,
        -0.020310330432740244,
        0.020008743138655125,
        0.002741383082083166,
        -0.014158550096403967,
        -0.016250159706990487,
        0.001972729123166769
      ],
      [
        0.049357631767182254,
        0.0009919306278161819,
        0.3021113530324605,
        0.007739624367908701,
        0.08131823239476874,
        0.05464783140231348,
        -0.014329446016665867,
        0.03247898639357902,
        -0.017022757291277838,
        0.0045097034904829445,
        -0.01136851181772,
        -0.003756010599910343,
        0.04261213139905866,
        0.05559814240025376,
        0.01844247706428267
      ],
      [
        -0.02341052105872516,
        0.0007931228122640574,
        0.007739624367908701,
        0.35565143560614776,
        -0.006855961526601502,
        0.025070808797650616,
        -0.010683469462824547,
        -0.009083213051211798,
        0.016850245698835416,
        -0.03905929023076044,
        -0.008191637993881843,
        0.0009682757302147318,
        -0.034760013889192184,
        0.017063222315597343,
        0.028774201083341885
      ],
      [
        0.04883484364936743,
        -0.0033897152067086773,
        0.08131823239476874,
        -0.006855961526601502,
        0.4069872595890089,
        0.027746719543285222,
        -0.006181962687043954,
        0.013799599105612537,
        -0.02179241464447966,
        0.039276792715128094,
        0.028630613827196266,
        0.010140694037507248,
        0.03634445953865585,
        0.03794795793016704,
        0.010406510591927286
      ],
      [
        0.024786946782736154,
        -0.014176927771353567,
        0.05464783140231348,
        0.025070808797650616,
        0.027746719543285222,
        0.2637812558380732,
        0.002548218609666182,
        0.028610893231822764,
        -0.02716526956166801,
        0.03519410610551161,
        0.009117694060013087,
        -0.010477503455528609,
        0.033816689835512836,
        0.017068874147302533,
        -0.003344623751469079
      ],
      [
        -0.0007381447406549605,
        0.0046219372633536536,
        -0.014329446016665867,
        -0.010683469462824547,
        -0.006181962687043954,
        0.002548218609666182,
        0.19532488184437125,
        0.005080520826597038,
        -0.0028583849030066584,
        -0.009290498852648842,
        0.007775844090202656,
        -0.004982234053293987,
        0.020689547038851428,
        0.015523985356201368,
        -0.00011301040751222728
      ],
      [
        0.02359798223366129,
        -0.000451321198365557,
        0.03247898639357902,
        -0.009083213051211798,
        0.013799599105612537,
        0.028610893231822764,
        0.005080520826597038,
        0.3097963015525092,
        -0.023847939037061873,
        0.037457591977715,
        0.013153679559543743,
        -0.0007021231490426238,
        0.08625223366846131,
        0.032556425898273046,
        -0.0156765371545398
      ],
      [
        -0.010175740258509319,
        -0.008018756985894347,
        -0.017022757291277838,
        0.016850245698835416,
        -0.02179241464447966,
        -0.02716526956166801,
        -0.0028583849030066584,
        -0.023847939037061873,
        0.2771186708261362,
        -0.05698766699323589,
        -0.005997358406877378,
        0.027083878996004607,
        -0.024030077227799686,
        0.018184797038316765,
        0.020482963374465445
      ],
      [
        0.017369690908270428,
        -0.020310330432740244,
        0.0045097034904829445,
        -0.03905929023076044,
        0.039276792715128094,
        0.03519410610551161,
        -0.009290498852648842,
        0.037457591977715,
        -0.05698766699323589,
        0.6068729008226547,
        -0.007649181278423374,
        -0.023403648040811464,
        0.06194252305967697,
        0.0028294996763072863,
        0.003957133861686193
      ],
      [
        -0.006245285539875785,
        0.020008743138655125,
        -0.01136851181772,
        -0.008191637993881843,
        0.028630613827196266,
        0.009117694060013087,
        0.007775844090202656,
        0.013153679559543743,
        -0.005997358406877378,
        -0.007649181278423374,
        0.42163615744795674,
        0.006847646994131901,
        0.034181531789431126,
        0.003490907767918126,
        0.003406436206721233
      ],
      [
        -0.011643603953072968,
        0.002741383082083166,
        -0.003756010599910343,
        0.0009682757302147318,
        0.010140694037507248,
        -0.010477503455528609,
        -0.004982234053293987,
        -0.0007021231490426238,
        0.027083878996004607,
        -0.023403648040811464,
        0.006847646994131901,
        0.06815847505636731,
        -3.233486172440385e-05,
        0.013426793470189472,
        0.0061986634864256325
      ],
      [
        0.01783751362439213,
        -0.014158550096403967,
        0.04261213139905866,
        -0.034760013889192184,
        0.03634445953865585,
        0.033816689835512836,
        0.020689547038851428,
        0.08625223366846131,
        -0.024030077227799686,
        0.06194252305967697,
        0.034181531789431126,
        -3.233486172440385e-05,
        0.35939148999983644,
        0.06947587018656085,
        -0.002681037238576095
      ],
      [
        0.008520886172060819,
        -0.016250159706990487,
        0.05559814240025376,
        0.017063222315597343,
        0.03794795793016704,
        0.017068874147302533,
        0.015523985356201368,
        0.032556425898273046,
        0.018184797038316765,
        0.0028294996763072863,
        0.003490907767918126,
        0.013426793470189472,
        0.06947587018656085,
        0.43580241604551256,
        0.00013400935594882525
      ],
      [
        -0.008005574481616422,
        0.001972729123166769,
        0.01844247706428267,
        0.028774201083341885,
        0.010406510591927286,
        -0.003344623751469079,
        -0.00011301040751222728,
        -0.0156765371545398,
        0.020482963374465445,
        0.003957133861686193,
        0.003406436206721233,
        0.0061986634864256325,
        -0.002681037238576095,
        0.00013400935594882525,
        0.27216231854170414
      ]
    ],
    "qubo_selected": [
      [
        -30277.54407695165,
        0.0013947073709686432,
        0.061448047005954506,
        0.04323548087229128,
        0.04170564911000891,
        -0.024000652454077162,
        0.010762819457551094,
        -0.03302379204571542,
        0.02822370591902119,
        0.03356173602824809,
        -0.028300827112757988,
        0.023620380630071956,
        0.008509048407893434,
        -0.0180960447327836,
        0.009153522167182099
      ],
      [
        0.0013947073709686432,
        -30278.068489010482,
        0.06495797278715804,
        0.026307359119087485,
        -0.02592512679202043,
        0.07491464285046776,
        0.010253695369654179,
        -0.007940421589812723,
        -0.000902642396731114,
        0.0010995816534904227,
        0.04719596446732258,
        -0.0014302944427989298,
        0.027599198211225074,
        0.02034559945943754,
        -0.018166426102423597
      ],
      [
        0.061448047005954506,
        0.06495797278715804,
        -30279.137396959602,
        -0.02273702363544,
        -0.005035634190105616,
        0.05008426094941953,
        0.05034328306679528,
        0.0696405350146059,
        0.0019838612556323638,
        0.04738079655283034,
        0.09871526353436451,
        0.11914921834472689,
        0.16263646478953747,
        0.057190754374165854,
        0.015479248735817403
      ],
      [
        0.04323548087229128,
        0.026307359119087485,
        -0.02273702363544,
        -30277.72118054138,
        0.02239757778511739,
        0.03229689692792912,
        0.05903217906564392,
        -0.06381724764066764,
        0.04001748627731025,
        0.027713134318674393,
        -0.01249057107975157,
        -0.025009468391940518,
        0.05726122765439253,
        0.03712607743918619,
        -0.016383275987763686
      ],
      [
        0.04170564911000891,
        -0.02592512679202043,
        -0.005035634190105616,
        0.02239757778511739,
        -30277.247131809938,
        0.009607495716028196,
        0.04904896653670708,
        0.030977089160122366,
        0.06667677088706503,
        0.05073214613669306,
        0.0033403184332582137,
        -0.017361368623394335,
        0.02423606391214971,
        -0.0107739206504374,
        -0.005750018646622255
      ],
      [
        -0.024000652454077162,
        0.07491464285046776,
        0.05008426094941953,
        0.03229689692792912,
        0.009607495716028196,
        -30277.893157173217,
        0.01501421469861755,
        0.028039808791191074,
        0.04174588445002371,
        0.0170693834531331,
        0.08020893148962713,
        -0.010373274754707881,
        0.017721030657833245,
        0.009086838651008525,
        0.01911978508582143
      ],
      [
        0.010762819457551094,
        0.010253695369654179,
        0.05034328306679528,
        0.05903217906564392,
        0.04904896653670708,
        0.01501421469861755,
        -30277.255102997493,
        0.015753028842445397,
        0.0030820201445097943,
        0.0075942518861605,
        0.010388453899757417,
        0.01394979698517534,
        0.010981987679485267,
        -0.023079836136774945,
        -0.0005987469460278657
      ],
      [
        -0.03302379204571542,
        -0.007940421589812723,
        0.0696405350146059,
        -0.06381724764066764,
        0.030977089160122366,
        0.028039808791191074,
        0.015753028842445397,
        -30277.79770378816,
        0.03346436951424528,
        -0.0021479885794042555,
        0.03376470067707208,
        -0.01071539529982421,
        0.019109336681602734,
        -0.02893215288807158,
        -0.017890648654740035
      ],
      [
        0.02822370591902119,
        -0.000902642396731114,
        0.0019838612556323638,
        0.04001748627731025,
        0.06667677088706503,
        0.04174588445002371,
        0.0030820201445097943,
        0.03346436951424528,
        -30277.55202652406,
        0.04750037790990849,
        -0.004340551397653029,
        -0.05704959416463838,
        -0.0067794304134173545,
        0.034157561262396045,
        0.0015862456245281148
      ],
      [
        0.03356173602824809,
        0.0010995816534904227,
        0.04738079655283034,
        0.027713134318674393,
        0.05073214613669306,
        0.0170693834531331,
        0.0075942518861605,
        -0.0021479885794042555,
        0.04750037790990849,
        -30277.886009490172,
        0.009120302123144944,
        0.037772315090970995,
        0.06475925155087985,
        -0.05525311160397677,
        0.013859286907268571
      ],
      [
        -0.028300827112757988,
        0.04719596446732258,
        0.09871526353436451,
        -0.01249057107975157,
        0.0033403184332582137,
        0.08020893148962713,
        0.010388453899757417,
        0.03376470067707208,
        -0.004340551397653029,
        0.009120302123144944,
        -30278.8411683562,
        0.08985211290396239,
        0.09766968729873486,
        -0.026584937425522353,
        -0.04682104211745032
      ],
      [
        0.023620380630071956,
        -0.0014302944427989298,
        0.11914921834472689,
        -0.025009468391940518,
        -0.017361368623394335,
        -0.010373274754707881,
        0.01394979698517534,
        -0.01071539529982421,
        -0.05704959416463838,
        0.037772315090970995,
        0.08985211290396239,
        -30277.806364276476,
        0.07069331032467417,
        -0.028379192371611083,
        -0.021746762199164046
      ],
      [
        0.008509048407893434,
        0.027599198211225074,
        0.16263646478953747,
        0.05726122765439253,
        0.02423606391214971,
        0.017721030657833245,
        0.010981987679485267,
        0.019109336681602734,
        -0.0067794304134173545,
        0.06475925155087985,
        0.09766968729873486,
        0.07069331032467417,
        -30279.152717488523,
        -0.029428788923031256,
        -0.013711923053203004
      ],
      [
        -0.0180960447327836,
        0.02034559945943754,
        0.057190754374165854,
        0.03712607743918619,
        -0.0107739206504374,
        0.009086838651008525,
        -0.023079836136774945,
        -0.02893215288807158,
        0.034157561262396045,
        -0.05525311160397677,
        -0.026584937425522353,
        -0.028379192371611083,
        -0.029428788923031256,
        -30276.82983054257,
        -0.039918820309019526
      ],
      [
        0.009153522167182099,
        -0.018166426102423597,
        0.015479248735817403,
        -0.016383275987763686,
        -0.005750018646622255,
        0.01911978508582143,
        -0.0005987469460278657,
        -0.017890648654740035,
        0.0015862456245281148,
        0.013859286907268571,
        -0.04682104211745032,
        -0.021746762199164046,
        -0.013711923053203004,
        -0.039918820309019526,
        -30279.23515919214
      ]
    ]
  }
}