{
  "scenario_group": "horizon",
  "scenario_name": "Horizon_36M_Train_60M",
  "scenario": {
    "train_start": "2018-03-12",
    "train_end": "2023-03-11",
    "test_start": "2023-03-12",
    "test_end": "2026-03-11",
    "description": "Test=36M, Train=60M ending at latest date"
  },
  "symbols_full": [
    "ACC",
    "ADANIENT",
    "ADANIGREEN",
    "ALKEM",
    "AMBUJACEM",
    "ASHOKLEY",
    "AUROPHARMA",
    "AXISBANK",
    "BAJAJ-AUTO",
    "BAJAJFINSV",
    "BATAINDIA",
    "BHARTIARTL",
    "BHEL",
    "BIOCON",
    "BOSCHLTD",
    "BPCL",
    "CIPLA",
    "COLPAL",
    "CROMPTON",
    "CUMMINSIND",
    "DABUR",
    "DIVISLAB",
    "DLF",
    "DMART",
    "EICHERMOT",
    "ESCORTS",
    "FORTIS",
    "GAIL",
    "GODREJCP",
    "HAVELLS",
    "HCLTECH",
    "HDFCBANK",
    "HDFCLIFE",
    "HEROMOTOCO",
    "HINDALCO",
    "HINDPETRO",
    "HINDUNILVR",
    "HINDZINC",
    "ICICIBANK",
    "ICICIGI",
    "IGL",
    "INDIGO",
    "INDUSINDBK",
    "INFY",
    "IOC",
    "ITC",
    "JINDALSTEL",
    "JUBLFOOD",
    "LT",
    "LTTS",
    "M&M",
    "MARUTI",
    "MOTHERSON",
    "OBEROIRLTY",
    "OIL",
    "PAGEIND",
    "PIDILITIND",
    "PIIND",
    "POWERGRID",
    "PRESTIGE",
    "RAMCOCEM",
    "RELIANCE",
    "SAIL",
    "SBILIFE",
    "SHREECEM",
    "SIEMENS",
    "SUNPHARMA",
    "TATACONSUM",
    "TCS",
    "TITAN",
    "TORNTPHARM",
    "TVSMOTOR",
    "ULTRACEMCO",
    "UPL",
    "WHIRLPOOL"
  ],
  "selected_stocks": [
    "ADANIGREEN",
    "INFY",
    "TCS",
    "POWERGRID",
    "COLPAL",
    "ALKEM",
    "PIIND",
    "TORNTPHARM"
  ],
  "selected_indices": [
    2,
    43,
    68,
    58,
    17,
    3,
    57,
    70
  ],
  "matrices": {
    "covariance_selected": [
      [
        0.3174099183877225,
        0.010717008726032418,
        0.011834523386675492,
        0.017220497097747717,
        0.019106735127533036,
        0.010137169544175232,
        0.026488137665278733,
        0.018749184569581523
      ],
      [
        0.010717008726032418,
        0.08319181002729749,
        0.043400920238193516,
        0.012032548412960411,
        0.010034212420856071,
        0.005542542863431081,
        0.017645108807936894,
        0.013741582076203112
      ],
      [
        0.011834523386675492,
        0.043400920238193516,
        0.06736012771226604,
        0.010928521984031658,
        0.008340811263000129,
        0.003829726853811802,
        0.015423503668785204,
        0.012296783656675898
      ],
      [
        0.017220497097747717,
        0.012032548412960411,
        0.010928521984031658,
        0.07778920847711775,
        0.008026662818807009,
        0.005293303707401739,
        0.015170317973966795,
        0.013743260021263755
      ],
      [
        0.019106735127533036,
        0.010034212420856071,
        0.008340811263000129,
        0.008026662818807009,
        0.050435998542510074,
        0.0068685559871520105,
        0.013387827416127767,
        0.015262277639795693
      ],
      [
        0.010137169544175232,
        0.005542542863431081,
        0.003829726853811802,
        0.005293303707401739,
        0.0068685559871520105,
        0.06632821070151047,
        0.01144162405019838,
        0.016810372970541325
      ],
      [
        0.026488137665278733,
        0.017645108807936894,
        0.015423503668785204,
        0.015170317973966795,
        0.013387827416127767,
        0.01144162405019838,
        0.10865870395059392,
        0.022031743385738385
      ],
      [
        0.018749184569581523,
        0.013741582076203112,
        0.012296783656675898,
        0.013743260021263755,
        0.015262277639795693,
        0.016810372970541325,
        0.022031743385738385,
        0.08440818736828702
      ]
    ],
    "qubo_selected": [
      [
        -2156.7159669499533,
        0.020274339088350465,
        0.03821347025506607,
        0.021434017452064837,
        0.05297627533055747,
        0.034440994195495435,
        0.023669046773350983,
        0.037498369139163046
      ],
      [
        0.020274339088350465,
        -2156.288796852688,
        0.013737111974304021,
        0.011085085726862162,
        0.02288324810039676,
        0.010586607414803478,
        0.007659453707623604,
        0.03362074594108265
      ],
      [
        0.03821347025506607,
        0.013737111974304021,
        -2156.297928983881,
        0.020068424841712142,
        0.026775654832255535,
        0.016053325637614017,
        0.016681622526000257,
        0.030524555279591387
      ],
      [
        0.021434017452064837,
        0.011085085726862162,
        0.020068424841712142,
        -2156.3934822639667,
        0.03529021761587379,
        0.024065096825920822,
        0.08680184047638703,
        0.027483164152406224
      ],
      [
        0.05297627533055747,
        0.02288324810039676,
        0.026775654832255535,
        0.03529021761587379,
        -2156.456030573674,
        0.03034063594793359,
        0.03084700733757041,
        0.04406348677147677
      ],
      [
        0.034440994195495435,
        0.010586607414803478,
        0.016053325637614017,
        0.024065096825920822,
        0.03034063594793359,
        -2156.3024053245617,
        0.021857043968063317,
        0.02748652004252751
      ],
      [
        0.023669046773350983,
        0.007659453707623604,
        0.016681622526000257,
        0.08680184047638703,
        0.03084700733757041,
        0.021857043968063317,
        -2156.375039303295,
        0.024593567313351796
      ],
      [
        0.037498369139163046,
        0.03362074594108265,
        0.030524555279591387,
        0.027483164152406224,
        0.04406348677147677,
        0.02748652004252751,
        0.024593567313351796,
        -2156.377455062111
      ]
    ]
  }
}