{
  "scenario_group": "horizon",
  "scenario_name": "Horizon_6M_Train_60M",
  "scenario": {
    "train_start": "2020-09-12",
    "train_end": "2025-09-11",
    "test_start": "2025-09-12",
    "test_end": "2026-03-11",
    "description": "Test=6M, Train=60M ending at latest date"
  },
  "symbols_full": [
    "ABB",
    "ACC",
    "ADANIENT",
    "ADANIGREEN",
    "ADANIPORTS",
    "ADANIPOWER",
    "ALKEM",
    "AMBUJACEM",
    "APOLLOHOSP",
    "ASHOKLEY",
    "ASIANPAINT",
    "AUROPHARMA",
    "AXISBANK",
    "BAJAJ-AUTO",
    "BAJAJFINSV",
    "BAJFINANCE",
    "BATAINDIA",
    "BHARTIARTL",
    "BHEL",
    "BIOCON",
    "BOSCHLTD",
    "BPCL",
    "BRITANNIA",
    "CHOLAFIN",
    "CIPLA",
    "COFORGE",
    "COLPAL",
    "CONCOR",
    "CROMPTON",
    "CUMMINSIND",
    "DABUR",
    "DIVISLAB",
    "DLF",
    "DMART",
    "DRREDDY",
    "EICHERMOT",
    "ESCORTS",
    "FORTIS",
    "GAIL",
    "GODREJCP",
    "GODREJPROP",
    "GRASIM",
    "HAVELLS",
    "HCLTECH",
    "HDFCAMC",
    "HDFCBANK",
    "HDFCLIFE",
    "HEROMOTOCO",
    "HINDALCO",
    "HINDPETRO",
    "HINDUNILVR",
    "HINDZINC",
    "ICICIBANK",
    "ICICIGI",
    "IGL",
    "INDIGO",
    "INDUSINDBK",
    "INFY",
    "IOC",
    "ITC",
    "JINDALSTEL",
    "JSWSTEEL",
    "JUBLFOOD",
    "KOTAKBANK",
    "LT",
    "LTTS",
    "LUPIN",
    "M&M",
    "MARICO",
    "MARUTI",
    "MAXHEALTH",
    "MOTHERSON",
    "MPHASIS",
    "NESTLEIND",
    "NMDC",
    "NTPC",
    "OBEROIRLTY",
    "OIL",
    "ONGC",
    "PAGEIND",
    "PERSISTENT",
    "PIDILITIND",
    "PIIND",
    "POWERGRID",
    "PRESTIGE",
    "RAMCOCEM",
    "RELIANCE",
    "SAIL",
    "SBILIFE",
    "SBIN",
    "SHREECEM",
    "SIEMENS",
    "SUNPHARMA",
    "TATACONSUM",
    "TATAPOWER",
    "TATASTEEL",
    "TCS",
    "TECHM",
    "TITAN",
    "TORNTPHARM",
    "TRENT",
    "TVSMOTOR",
    "ULTRACEMCO",
    "UPL",
    "VEDL",
    "VOLTAS",
    "WESTLIFE",
    "WHIRLPOOL",
    "WIPRO"
  ],
  "selected_stocks": [
    "TVSMOTOR",
    "FORTIS",
    "MAXHEALTH",
    "BHARTIARTL",
    "ICICIBANK",
    "OIL",
    "BRITANNIA",
    "CIPLA"
  ],
  "selected_indices": [
    101,
    37,
    70,
    17,
    52,
    77,
    22,
    24
  ],
  "matrices": {
    "covariance_selected": [
      [
        0.0823909167834795,
        0.014531948265527802,
        0.014538393164290854,
        0.014555011189986297,
        0.017513981965049802,
        0.01576659697557121,
        0.007377216067722448,
        0.009126881580867316
      ],
      [
        0.014531948265527802,
        0.10549888870491027,
        0.019880416201190715,
        0.008770447388332384,
        0.008043330878007902,
        0.019732722108133413,
        0.005943532819801572,
        0.006262397239875881
      ],
      [
        0.014538393164290854,
        0.019880416201190715,
        0.11942935700979707,
        0.010937327231049761,
        0.00789266482670652,
        0.01053116337254063,
        0.005652252061281526,
        0.01098197453160606
      ],
      [
        0.014555011189986297,
        0.008770447388332384,
        0.010937327231049761,
        0.057622641185816524,
        0.01888389489642927,
        0.010278521928943704,
        0.006313921596528096,
        0.008900452210576565
      ],
      [
        0.017513981965049802,
        0.008043330878007902,
        0.00789266482670652,
        0.01888389489642927,
        0.056311627907935514,
        0.012719257669860881,
        0.004238002536494478,
        0.004489109123592796
      ],
      [
        0.01576659697557121,
        0.019732722108133413,
        0.01053116337254063,
        0.010278521928943704,
        0.012719257669860881,
        0.16500635175197764,
        -0.0026868936606152384,
        0.00862369888429761
      ],
      [
        0.007377216067722448,
        0.005943532819801572,
        0.005652252061281526,
        0.006313921596528096,
        0.004238002536494478,
        -0.0026868936606152384,
        0.037102936440273036,
        0.003729174421934677
      ],
      [
        0.009126881580867316,
        0.006262397239875881,
        0.01098197453160606,
        0.008900452210576565,
        0.004489109123592796,
        0.00862369888429761,
        0.003729174421934677,
        0.058218015063225236
      ]
    ],
    "qubo_selected": [
      [
        -2794.008278945471,
        0.012627843193056192,
        0.01754089477666477,
        0.03776778979285854,
        0.015028106055428595,
        0.021874654462099522,
        0.020557043857887407,
        0.029110022379972594
      ],
      [
        0.012627843193056192,
        -2793.8546094466233,
        0.011887065639603143,
        0.008476005072988955,
        0.027787506711915638,
        0.011304504122563052,
        -0.005373787321230477,
        0.014754432135444896
      ],
      [
        0.01754089477666477,
        0.011887065639603143,
        -2794.099970414399,
        0.016086661756015804,
        0.01158031204867795,
        0.03976083240238143,
        0.039465444216266826,
        0.029063896531055605
      ],
      [
        0.03776778979285854,
        0.008476005072988955,
        0.016086661756015804,
        -2793.995646701868,
        0.008849333140480191,
        0.01578532965341304,
        0.025438515339721763,
        0.035027963930099604
      ],
      [
        0.015028106055428595,
        0.027787506711915638,
        0.01158031204867795,
        0.008849333140480191,
        -2793.8516580949777,
        0.014490587934555385,
        -0.0007322725017396523,
        0.01944490316396094
      ],
      [
        0.021874654462099522,
        0.011304504122563052,
        0.03976083240238143,
        0.01578532965341304,
        0.014490587934555385,
        -2794.0438983347453,
        0.02106232674508126,
        0.029076786328581707
      ],
      [
        0.020557043857887407,
        -0.005373787321230477,
        0.039465444216266826,
        0.025438515339721763,
        -0.0007322725017396523,
        0.02106232674508126,
        -2794.038279162774,
        0.03153319395114242
      ],
      [
        0.029110022379972594,
        0.014754432135444896,
        0.029063896531055605,
        0.035027963930099604,
        0.01944490316396094,
        0.029076786328581707,
        0.03153319395114242,
        -2794.1229598443874
      ]
    ]
  }
}