{
  "scenario_group": "horizon",
  "scenario_name": "Horizon_6M_Train_36M",
  "scenario": {
    "train_start": "2022-09-12",
    "train_end": "2025-09-11",
    "test_start": "2025-09-12",
    "test_end": "2026-03-11",
    "description": "Test=6M, Train=36M ending at latest date"
  },
  "symbols_full": [
    "20MICRONS",
    "21STCENMGM",
    "360ONE",
    "3IINFOLTD",
    "3MINDIA",
    "3PLAND",
    "5PAISA",
    "63MOONS",
    "A2ZINFRA",
    "AAATECH",
    "AAKASH",
    "AAREYDRUGS",
    "AARON",
    "AARTIDRUGS",
    "AARTIIND",
    "AARTIPHARM",
    "AARTISURF",
    "AARVI",
    "AAVAS",
    "ABAN",
    "ABB",
    "ABBOTINDIA",
    "ABCAPITAL",
    "ABFRL",
    "ABMINTLLTD",
    "ABREL",
    "ABSLAMC",
    "ACC",
    "ACCELYA",
    "ACCURACY",
    "ACE",
    "ACEINTEG",
    "ACI",
    "ACUTAAS",
    "ADANIENSOL",
    "ADANIENT",
    "ADANIGREEN",
    "ADANIPORTS",
    "ADANIPOWER",
    "ADFFOODS",
    "ADL",
    "ADOR",
    "ADROITINFO",
    "ADSL",
    "ADVANIHOTR",
    "ADVENZYMES",
    "AEGISLOG",
    "AEROENTER",
    "AERONEU",
    "AETHER",
    "AFFLE",
    "AFSL",
    "AGARIND",
    "AGI",
    "AGRITECH",
    "AGROPHOS",
    "AGSTRA",
    "AHLADA",
    "AHLEAST",
    "AHLUCONT",
    "AIAENG",
    "AIRAN",
    "AIROLAM",
    "AJANTPHARM",
    "AJMERA",
    "AJOONI",
    "AKASH",
    "AKG",
    "AKI",
    "AKSHAR",
    "AKSHARCHEM",
    "AKSHOPTFBR",
    "AKZOINDIA",
    "ALANKIT",
    "ALBERTDAVD",
    "ALEMBICLTD",
    "ALICON",
    "ALIVUS",
    "ALKALI",
    "ALKEM",
    "ALKYLAMINE",
    "ALLCARGO",
    "ALLDIGI",
    "ALMONDZ",
    "ALOKINDS",
    "ALPA",
    "ALPHAGEO",
    "AMBER",
    "AMBICAAGAR",
    "AMBIKCO",
    "AMBUJACEM",
    "AMDIND",
    "AMJLAND",
    "AMRUTANJAN",
    "ANANDRATHI",
    "ANANTRAJ",
    "ANDHRAPAP",
    "ANDHRSUGAR",
    "ANGELONE",
    "ANIKINDS",
    "ANKITMETAL",
    "ANMOL",
    "ANTELOPUS",
    "ANTGRAPHIC",
    "ANUP",
    "ANURAS",
    "APARINDS",
    "APCL",
    "APCOTEXIND",
    "APEX",
    "APLAPOLLO",
    "APLLTD",
    "APOLLO",
    "APOLLOHOSP",
    "APOLLOPIPE",
    "APOLLOTYRE",
    "APOLSINHOT",
    "APTECHT",
    "APTUS",
    "ARCHIDPLY",
    "ARCHIES",
    "ARE&M",
    "ARENTERP",
    "ARIES",
    "ARIHANTCAP",
    "ARIHANTSUP",
    "ARMANFIN",
    "AROGRANITE",
    "ARROWGREEN",
    "ARTEMISMED",
    "ARTNIRMAN",
    "ARVEE",
    "ARVIND",
    "ARVINDFASN",
    "ARVSMART",
    "ASAHIINDIA",
    "ASAHISONG",
    "ASAL",
    "ASALCBR",
    "ASHAPURMIN",
    "ASHIANA",
    "ASHIMASYN",
    "ASHOKA",
    "ASHOKLEY",
    "ASIANENE",
    "ASIANHOTNR",
    "ASIANPAINT",
    "ASIANTILES",
    "ASMS",
    "ASPINWALL",
    "ASTEC",
    "ASTERDM",
    "ASTRAL",
    "ASTRAMICRO",
    "ASTRAZEN",
    "ASTRON",
    "ATALREAL",
    "ATGL",
    "ATLANTAA",
    "ATUL",
    "ATULAUTO",
    "AUBANK",
    "AURIGROW",
    "AURIONPRO",
    "AUROPHARMA",
    "AURUM",
    "AUSOMENT",
    "AUTOAXLES",
    "AUTOIND",
    "AVADHSUGAR",
    "AVALON",
    "AVANTIFEED",
    "AVG",
    "AVONMORE",
    "AVROIND",
    "AVTNPL",
    "AWHCL",
    "AWL",
    "AXISBANK",
    "AXISCADES",
    "AXITA",
    "AYMSYNTEX",
    "BAFNAPH",
    "BAGFILMS",
    "BAIDFIN",
    "BAJAJ-AUTO",
    "BAJAJCON",
    "BAJAJELEC",
    "BAJAJFINSV",
    "BAJAJHCARE",
    "BAJAJHIND",
    "BAJAJHLDNG",
    "BAJFINANCE",
    "BALAJITELE",
    "BALAMINES",
    "BALAXI",
    "BALKRISHNA",
    "BALKRISIND",
    "BALMLAWRIE",
    "BALPHARMA",
    "BALRAMCHIN",
    "BANARBEADS",
    "BANARISUG",
    "BANCOINDIA",
    "BANDHANBNK",
    "BANG",
    "BANKA",
    "BANKBARODA",
    "BANKINDIA",
    "BANSWRAS",
    "BASF",
    "BASML",
    "BATAINDIA",
    "BAYERCROP",
    "BBL",
    "BBOX",
    "BBTC",
    "BBTCL",
    "BCLIND",
    "BCONCEPTS",
    "BDL",
    "BEARDSELL",
    "BECTORFOOD",
    "BEDMUTHA",
    "BEL",
    "BEML",
    "BEPL",
    "BERGEPAINT",
    "BETA",
    "BFINVEST",
    "BFUTILITIE",
    "BGRENERGY",
    "BHAGCHEM",
    "BHAGERIA",
    "BHAGYANGR",
    "BHANDARI",
    "BHARATFORG",
    "BHARATGEAR",
    "BHARATRAS",
    "BHARATWIRE",
    "BHARTIARTL",
    "BHEL",
    "BIGBLOC",
    "BIKAJI",
    "BIL",
    "BILVYAPAR",
    "BIOCON",
    "BIOFILCHEM",
    "BIRLACABLE",
    "BIRLACORPN",
    "BIRLAMONEY",
    "BIRLANU",
    "BLAL",
    "BLBLIMITED",
    "BLISSGVS",
    "BLKASHYAP",
    "BLS",
    "BLUEDART",
    "BLUESTARCO",
    "BODALCHEM",
    "BOMDYEING",
    "BOROLTD",
    "BORORENEW",
    "BOSCH-HCIL",
    "BOSCHLTD",
    "BPCL",
    "BPL",
    "BRIGADE",
    "BRITANNIA",
    "BRNL",
    "BROOKS",
    "BSE",
    "BSHSL",
    "BSL",
    "BSOFT",
    "BTML",
    "BUTTERFLY",
    "BVCL",
    "BYKE",
    "CALSOFT",
    "CAMLINFINE",
    "CAMPUS",
    "CAMS",
    "CANBK",
    "CANFINHOME",
    "CANTABIL",
    "CAPACITE",
    "CAPLIPOINT",
    "CAPTRUST",
    "CARBORUNIV",
    "CARERATING",
    "CARTRADE",
    "CARYSIL",
    "CASTROLIND",
    "CCAVENUE",
    "CCHHL",
    "CCL",
    "CDSL",
    "CEATLTD",
    "CELEBRITY",
    "CEMPRO",
    "CENTENKA",
    "CENTEXT",
    "CENTRALBK",
    "CENTRUM",
    "CENTUM",
    "CENTURYPLY",
    "CERA",
    "CEREBRAINT",
    "CESC",
    "CGCL",
    "CGPOWER",
    "CHALET",
    "CHAMBLFERT",
    "CHEMBOND",
    "CHEMCON",
    "CHEMFAB",
    "CHEMPLASTS",
    "CHENNPETRO",
    "CHEVIOT",
    "CHOICEIN",
    "CHOLAFIN",
    "CHOLAHLDNG",
    "CIEINDIA",
    "CIGNITITEC",
    "CINELINE",
    "CINEVISTA",
    "CIPLA",
    "CLEAN",
    "CLEDUCATE",
    "CLSEL",
    "CMSINFO",
    "CNL",
    "COALINDIA",
    "COASTCORP",
    "COCHINSHIP",
    "COFFEEDAY",
    "COFORGE",
    "COHANCE",
    "COLPAL",
    "COMPUSOFT",
    "CONCOR",
    "CONFIPET",
    "CONSOFINVT",
    "CONTROLPR",
    "CORALFINAC",
    "CORDSCABLE",
    "COROMANDEL",
    "COSMOFIRST",
    "COUNCODOS",
    "CPCAP",
    "CRAFTSMAN",
    "CREATIVEYE",
    "CREDITACC",
    "CREST",
    "CRISIL",
    "CROMPTON",
    "CROWN",
    "CSBBANK",
    "CSLFINANCE",
    "CTE",
    "CUB",
    "CUBEXTUB",
    "CUMMINSIND",
    "CUPID",
    "CYBERMEDIA",
    "CYBERTECH",
    "CYIENT",
    "DABUR",
    "DALBHARAT",
    "DALMIASUG",
    "DAMODARIND",
    "DANGEE",
    "DATAMATICS",
    "DATAPATTNS",
    "DBCORP",
    "DBL",
    "DBOL",
    "DBREALTY",
    "DBSTOCKBRO",
    "DCAL",
    "DCBBANK",
    "DCI",
    "DCM",
    "DCMFINSERV",
    "DCMNVL",
    "DCMSHRIRAM",
    "DCMSRIND",
    "DCW",
    "DCXINDIA",
    "DECCANCE",
    "DEEPAKFERT",
    "DEEPAKNTR",
    "DEEPINDS",
    "DELHIVERY",
    "DELPHIFX",
    "DELTACORP",
    "DELTAMAGNT",
    "DEN",
    "DENORA",
    "DEVIT",
    "DEVYANI",
    "DGCONTENT",
    "DHAMPURSUG",
    "DHANBANK",
    "DHANUKA",
    "DHARAN",
    "DHARMAJ",
    "DHRUV",
    "DHUNINV",
    "DIAMONDYD",
    "DICIND",
    "DIGISPICE",
    "DIGJAMLMTD",
    "DISHTV",
    "DIVGIITTS",
    "DIVISLAB",
    "DIXON",
    "DJML",
    "DLF",
    "DLINKINDIA",
    "DMART",
    "DMCC",
    "DNAMEDIA",
    "DODLA",
    "DOLATALGO",
    "DOLLAR",
    "DONEAR",
    "DPABHUSHAN",
    "DPSCLTD",
    "DPWIRES",
    "DRCSYSTEMS",
    "DREAMFOLKS",
    "DREDGECORP",
    "DRREDDY",
    "DSSL",
    "DTIL",
    "DUCON",
    "DVL",
    "DWARKESH",
    "DYCL",
    "DYNAMATECH",
    "DYNPRO",
    "E2E",
    "EASEMYTRIP",
    "ECLERX",
    "EDELWEISS",
    "EICHERMOT",
    "EIDPARRY",
    "EIFFL",
    "EIHAHOTELS",
    "EIHOTEL",
    "EIMCOELECO",
    "EKC",
    "ELDEHSG",
    "ELECON",
    "ELECTCAST",
    "ELECTHERM",
    "ELGIEQUIP",
    "ELGIRUBCO",
    "ELIN",
    "EMAMILTD",
    "EMAMIPAP",
    "EMAMIREAL",
    "EMBDL",
    "EMIL",
    "EMKAY",
    "EMMBI",
    "EMUDHRA",
    "ENDURANCE",
    "ENERGYDEV",
    "ENGINERSIN",
    "ENIL",
    "EPIGRAL",
    "EPL",
    "EQUIPPP",
    "EQUITASBNK",
    "ERIS",
    "ESABINDIA",
    "ESCORTS",
    "ESSARSHPNG",
    "ESSENTIA",
    "ESTER",
    "ETERNAL",
    "ETHOSLTD",
    "EUROBOND",
    "EUROTEXIND",
    "EVEREADY",
    "EVERESTIND",
    "EXCEL",
    "EXCELINDUS",
    "EXIDEIND",
    "EXPLEOSOL",
    "EXXARO",
    "FACT",
    "FAIRCHEMOR",
    "FAZE3Q",
    "FCL",
    "FCSSOFT",
    "FDC",
    "FEDERALBNK",
    "FEL",
    "FELDVR",
    "FIBERWEB",
    "FIEMIND",
    "FILATEX",
    "FINCABLES",
    "FINEORG",
    "FINOPB",
    "FINPIPE",
    "FIVESTAR",
    "FLEXITUFF",
    "FLFL",
    "FLUOROCHEM",
    "FMGOETZE",
    "FMNL",
    "FOCUS",
    "FOODSIN",
    "FORCEMOT",
    "FORTIS",
    "FOSECOIND",
    "FSL",
    "FUSION",
    "GABRIEL",
    "GAEL",
    "GAIL",
    "GALAXYSURF",
    "GALLANTT",
    "GANDHITUBE",
    "GANECOS",
    "GANESHBE",
    "GANESHHOU",
    "GANGAFORGE",
    "GANGESSECU",
    "GARFIBRES",
    "GATECHDVR",
    "GATEWAY",
    "GEECEE",
    "GEEKAYWIRE",
    "GENCON",
    "GENESYS",
    "GENUSPAPER",
    "GENUSPOWER",
    "GEOJITFSL",
    "GESHIP",
    "GFLLIMITED",
    "GHCL",
    "GICHSGFIN",
    "GICRE",
    "GILLANDERS",
    "GILLETTE",
    "GINNIFILA",
    "GIPCL",
    "GKWLIMITED",
    "GLAND",
    "GLAXO",
    "GLENMARK",
    "GLFL",
    "GLOBAL",
    "GLOBALVECT",
    "GLOBE",
    "GLOBUSSPR",
    "GMBREW",
    "GMDCLTD",
    "GMMPFAUDLR",
    "GMRAIRPORT",
    "GMRP&UI",
    "GNA",
    "GNFC",
    "GOACARBON",
    "GOCLCORP",
    "GOCOLORS",
    "GODFRYPHLP",
    "GODREJAGRO",
    "GODREJCP",
    "GODREJIND",
    "GODREJPROP",
    "GOKEX",
    "GOKUL",
    "GOKULAGRO",
    "GOLDENTOBC",
    "GOLDIAM",
    "GOLDTECH",
    "GOODLUCK",
    "GOYALALUM",
    "GPIL",
    "GPPL",
    "GPTINFRA",
    "GRANULES",
    "GRAPHITE",
    "GRASIM",
    "GRAVITA",
    "GREAVESCOT",
    "GREENLAM",
    "GREENPANEL",
    "GREENPLY",
    "GREENPOWER",
    "GRINDWELL",
    "GRINFRA",
    "GRMOVER",
    "GROBTEA",
    "GRPLTD",
    "GRSE",
    "GRWRHITECH",
    "GSFC",
    "GSLSU",
    "GSPL",
    "GSS",
    "GTL",
    "GTLINFRA",
    "GTPL",
    "GUFICBIO",
    "GUJALKALI",
    "GUJAPOLLO",
    "GUJGASLTD",
    "GUJRAFFIA",
    "GULFOILLUB",
    "GULFPETRO",
    "GULPOLY",
    "GVKPIL",
    "GVPIL",
    "GVPTECH",
    "GVT&D",
    "HAL",
    "HALEOSLABS",
    "HAPPSTMNDS",
    "HARDWYN",
    "HARIOMPIPE",
    "HARRMALAYA",
    "HARSHA",
    "HATHWAY",
    "HATSUN",
    "HAVELLS",
    "HAVISHA",
    "HBLENGINE",
    "HBSL",
    "HCC",
    "HCG",
    "HCL-INSYS",
    "HCLTECH",
    "HDFCAMC",
    "HDFCBANK",
    "HDFCLIFE",
    "HEADSUP",
    "HECPROJECT",
    "HEG",
    "HEIDELBERG",
    "HEMIPROP",
    "HERANBA",
    "HERITGFOOD",
    "HEROMOTOCO",
    "HESTERBIO",
    "HEXATRADEX",
    "HFCL",
    "HGINFRA",
    "HGM",
    "HGS",
    "HIKAL",
    "HILTON",
    "HIMATSEIDE",
    "HINDALCO",
    "HINDCOMPOS",
    "HINDCON",
    "HINDCOPPER",
    "HINDOILEXP",
    "HINDPETRO",
    "HINDUNILVR",
    "HINDWAREAP",
    "HINDZINC",
    "HIRECT",
    "HISARMETAL",
    "HITECH",
    "HITECHCORP",
    "HITECHGEAR",
    "HLEGLAS",
    "HLVLTD",
    "HMT",
    "HMVL",
    "HNDFDS",
    "HOMEFIRST",
    "HONAUT",
    "HONDAPOWER",
    "HPAL",
    "HPIL",
    "HPL",
    "HSCL",
    "HTMEDIA",
    "HUBTOWN",
    "HUDCO",
    "HUHTAMAKI",
    "HYBRIDFIN",
    "IBULLSLTD",
    "ICDSLTD",
    "ICEMAKE",
    "ICICIBANK",
    "ICICIGI",
    "ICICIPRULI",
    "ICIL",
    "ICRA",
    "IDBI",
    "IDEA",
    "IDFCFIRSTB",
    "IEX",
    "IFBAGRO",
    "IFBIND",
    "IFCI",
    "IFGLEXPOR",
    "IGARASHI",
    "IGL",
    "IGPL",
    "IIFL",
    "IIFLCAPS",
    "IITL",
    "IL&FSENGG",
    "IL&FSTRANS",
    "IMAGICAA",
    "IMFA",
    "IMPAL",
    "IMPEXFERRO",
    "INCREDIBLE",
    "INDBANK",
    "INDHOTEL",
    "INDIACEM",
    "INDIAGLYCO",
    "INDIAMART",
    "INDIANB",
    "INDIANCARD",
    "INDIANHUME",
    "INDIGO",
    "INDIGOPNTS",
    "INDNIPPON",
    "INDOAMIN",
    "INDOBORAX",
    "INDOCO",
    "INDORAMA",
    "INDOSTAR",
    "INDOTECH",
    "INDOTHAI",
    "INDOWIND",
    "INDRAMEDCO",
    "INDSWFTLAB",
    "INDTERRAIN",
    "INDUSINDBK",
    "INDUSTOWER",
    "INFOBEAN",
    "INFOMEDIA",
    "INFY",
    "INGERRAND",
    "INNOVANA",
    "INOXGREEN",
    "INOXWIND",
    "INSECTICID",
    "INSPIRISYS",
    "INTELLECT",
    "INTENTECH",
    "INTLCONV",
    "INVENTURE",
    "IOB",
    "IOC",
    "IOLCP",
    "IONEXCHANG",
    "IPCALAB",
    "IPL",
    "IRB",
    "IRCON",
    "IRCTC",
    "IRFC",
    "IRIS",
    "IRISDOREME",
    "ISFT",
    "ISGEC",
    "ITC",
    "ITDC",
    "ITI",
    "IVC",
    "IVP",
    "IZMO",
    "J&KBANK",
    "JAGRAN",
    "JAGSNPHARM",
    "JAIBALAJI",
    "JAICORPLTD",
    "JAIPURKURT",
    "JAMNAAUTO",
    "JASH",
    "JAYAGROGN",
    "JAYBARMARU",
    "JAYNECOIND",
    "JAYSREETEA",
    "JBCHEPHARM",
    "JBMA",
    "JETFREIGHT",
    "JHS",
    "JINDALPHOT",
    "JINDALPOLY",
    "JINDALSAW",
    "JINDALSTEL",
    "JINDRILL",
    "JINDWORLD",
    "JISLDVREQS",
    "JISLJALEQS",
    "JITFINFRA",
    "JKCEMENT",
    "JKIL",
    "JKLAKSHMI",
    "JKPAPER",
    "JKTYRE",
    "JMA",
    "JMFINANCIL",
    "JOCIL",
    "JPOLYINVST",
    "JPPOWER",
    "JSL",
    "JSLL",
    "JSWENERGY",
    "JSWHL",
    "JSWSTEEL",
    "JTEKTINDIA",
    "JTLIND",
    "JUBLFOOD",
    "JUBLINGREA",
    "JUBLPHARMA",
    "JUSTDIAL",
    "JWL",
    "JYOTHYLAB",
    "JYOTISTRUC",
    "KABRAEXTRU",
    "KAJARIACER",
    "KAKATCEM",
    "KALYANIFRG",
    "KALYANKJIL",
    "KAMATHOTEL",
    "KAMDHENU",
    "KAMOPAINTS",
    "KANANIIND",
    "KANORICHEM",
    "KANPRPLA",
    "KANSAINER",
    "KAPSTON",
    "KARMAENG",
    "KARURVYSYA",
    "KAUSHALYA",
    "KAVDEFENCE",
    "KAYA",
    "KAYNES",
    "KCP",
    "KCPSUGIND",
    "KDDL",
    "KEC",
    "KECL",
    "KEEPLEARN",
    "KEI",
    "KELLTONTEC",
    "KERNEX",
    "KESORAMIND",
    "KEYFINSERV",
    "KFINTECH",
    "KHADIM",
    "KHAICHEM",
    "KHAITANLTD",
    "KHANDSE",
    "KICL",
    "KILITCH",
    "KIMS",
    "KINGFA",
    "KIOCL",
    "KIRIINDUS",
    "KIRLOSBROS",
    "KIRLOSENG",
    "KIRLOSIND",
    "KITEX",
    "KKCL",
    "KMSUGAR",
    "KNAGRI",
    "KNRCON",
    "KOHINOOR",
    "KOKUYOCMLN",
    "KOLTEPATIL",
    "KOPRAN",
    "KOTAKBANK",
    "KOTARISUG",
    "KOTHARIPET",
    "KOTHARIPRO",
    "KOTYARK",
    "KPIGREEN",
    "KPIL",
    "KPITTECH",
    "KPRMILL",
    "KRBL",
    "KREBSBIO",
    "KRIDHANINF",
    "KRISHANA",
    "KRISHNADEF",
    "KRITI",
    "KRITIKA",
    "KRITINUT",
    "KRSNAA",
    "KSB",
    "KSCL",
    "KSHITIJPOL",
    "KSL",
    "KSOLVES",
    "KTKBANK",
    "KUANTUM",
    "LAGNAM",
    "LAL",
    "LALPATHLAB",
    "LAMBODHARA",
    "LANDMARK",
    "LAOPALA",
    "LASA",
    "LATENTVIEW",
    "LATTEYS",
    "LAURUSLABS",
    "LAXMICOT",
    "LCCINFOTEC",
    "LEMERITE",
    "LEMONTREE",
    "LEXUS",
    "LFIC",
    "LGBBROSLTD",
    "LIBAS",
    "LIBERTSHOE",
    "LICHSGFIN",
    "LICI",
    "LIKHITHA",
    "LINC",
    "LINCOLN",
    "LINDEINDIA",
    "LLOYDSENGG",
    "LMW",
    "LODHA",
    "LOKESHMACH",
    "LOTUSEYE",
    "LOVABLE",
    "LOYALTEX",
    "LPDC",
    "LT",
    "LTF",
    "LTFOODS",
    "LTM",
    "LTTS",
    "LUMAXIND",
    "LUMAXTECH",
    "LUPIN",
    "LUXIND",
    "LXCHEM",
    "LYKALABS",
    "LYPSAGEMS",
    "M&M",
    "M&MFIN",
    "MAANALU",
    "MACPOWER",
    "MADHAV",
    "MADHUCON",
    "MADRASFERT",
    "MAGADSUGAR",
    "MAGNUM",
    "MAHABANK",
    "MAHAPEXLTD",
    "MAHASTEEL",
    "MAHEPC",
    "MAHESHWARI",
    "MAHLIFE",
    "MAHLOG",
    "MAHSCOOTER",
    "MAHSEAMLES",
    "MAITHANALL",
    "MALLCOM",
    "MALUPAPER",
    "MANAKALUCO",
    "MANAKCOAT",
    "MANAKSIA",
    "MANAKSTEEL",
    "MANALIPETC",
    "MANAPPURAM",
    "MANGALAM",
    "MANGLMCEM",
    "MANINDS",
    "MANINFRA",
    "MANOMAY",
    "MANORAMA",
    "MANORG",
    "MANUGRAPH",
    "MANYAVAR",
    "MAPMYINDIA",
    "MARALOVER",
    "MARATHON",
    "MARICO",
    "MARINE",
    "MARKSANS",
    "MARUTI",
    "MASFIN",
    "MASKINVEST",
    "MASTEK",
    "MATRIMONY",
    "MAWANASUG",
    "MAXHEALTH",
    "MAXIND",
    "MAYURUNIQ",
    "MAZDA",
    "MAZDOCK",
    "MBAPL",
    "MBLINFRA",
    "MCL",
    "MCLEODRUSS",
    "MCX",
    "MEDANTA",
    "MEDICAMEQ",
    "MEDICO",
    "MEDPLUS",
    "MEGASTAR",
    "MENONBE",
    "MEP",
    "METROBRAND",
    "METROPOLIS",
    "MFSL",
    "MGEL",
    "MGL",
    "MHLXMIRU",
    "MHRIL",
    "MICEL",
    "MIDHANI",
    "MINDACORP",
    "MINDTECK",
    "MIRCELECTR",
    "MIRZAINT",
    "MITCON",
    "MITTAL",
    "MKPL",
    "MMFL",
    "MMP",
    "MMTC",
    "MODIRUBBER",
    "MODISONLTD",
    "MOHITIND",
    "MOIL",
    "MOKSH",
    "MOL",
    "MOLDTECH",
    "MOLDTKPAC",
    "MONARCH",
    "MONTECARLO",
    "MORARJEE",
    "MOREPENLAB",
    "MOTHERSON",
    "MOTILALOFS",
    "MOTOGENFIN",
    "MPHASIS",
    "MPSLTD",
    "MRF",
    "MRPL",
    "MSPL",
    "MSTCLTD",
    "MSUMI",
    "MTARTECH",
    "MTEDUCARE",
    "MTNL",
    "MUKANDLTD",
    "MUKTAARTS",
    "MUNJALAU",
    "MUNJALSHOW",
    "MURUDCERA",
    "MUTHOOTCAP",
    "MUTHOOTFIN",
    "MWL",
    "NACLIND",
    "NAGAFERT",
    "NAGREEKCAP",
    "NAGREEKEXP",
    "NAHARCAP",
    "NAHARINDUS",
    "NAHARPOLY",
    "NAHARSPING",
    "NAM-INDIA",
    "NARMADA",
    "NATCOPHARM",
    "NATHBIOGEN",
    "NATIONALUM",
    "NAUKRI",
    "NAVA",
    "NAVINFLUOR",
    "NAVKARCORP",
    "NAVNETEDUL",
    "NAZARA",
    "NBCC",
    "NBIFIN",
    "NCC",
    "NCLIND",
    "NDGL",
    "NDL",
    "NDLVENTURE",
    "NDRAUTO",
    "NDTV",
    "NECCLTD",
    "NECLIFE",
    "NELCAST",
    "NELCO",
    "NEOGEN",
    "NESCO",
    "NESTLEIND",
    "NETWORK18",
    "NEULANDLAB",
    "NEWGEN",
    "NEXTMEDIA",
    "NFL",
    "NGIL",
    "NGLFINE",
    "NH",
    "NHPC",
    "NIACL",
    "NIBL",
    "NIITLTD",
    "NILAINFRA",
    "NILASPACES",
    "NILKAMAL",
    "NINSYS",
    "NIPPOBATRY",
    "NIRAJ",
    "NITCO",
    "NITINSPIN",
    "NITIRAJ",
    "NKIND",
    "NLCINDIA",
    "NMDC",
    "NOCIL",
    "NOIDATOLL",
    "NORBTEAEXP",
    "NPST",
    "NRAIL",
    "NRBBEARING",
    "NRL",
    "NSIL",
    "NSLNISP",
    "NTPC",
    "NUCLEUS",
    "NURECA",
    "NUVOCO",
    "NYKAA",
    "OAL",
    "OBCL",
    "OBEROIRLTY",
    "OFSS",
    "OIL",
    "OILCOUNTUB",
    "OLECTRA",
    "OMAXAUTO",
    "OMAXE",
    "OMINFRAL",
    "ONELIFECAP",
    "ONEPOINT",
    "ONGC",
    "ONMOBILE",
    "ONWARDTEC",
    "OPTIEMUS",
    "ORBTEXP",
    "ORCHPHARMA",
    "ORICONENT",
    "ORIENTALTL",
    "ORIENTBELL",
    "ORIENTCEM",
    "ORIENTCER",
    "ORIENTELEC",
    "ORIENTHOT",
    "ORIENTLTD",
    "ORIENTPPR",
    "ORISSAMINE",
    "ORTINGLOBE",
    "OSIAHYPER",
    "OSWALAGRO",
    "OSWALGREEN",
    "OSWALSEEDS",
    "PAGEIND",
    "PAISALO",
    "PALASHSECU",
    "PALREDTEC",
    "PANACEABIO",
    "PANACHE",
    "PANAMAPET",
    "PANSARI",
    "PAR",
    "PARACABLES",
    "PARADEEP",
    "PARAGMILK",
    "PARAS",
    "PARASPETRO",
    "PARSVNATH",
    "PASUPTAC",
    "PATANJALI",
    "PATELENG",
    "PATINTLOG",
    "PAVNAIND",
    "PAYTM",
    "PCBL",
    "PCJEWELLER",
    "PDMJEPAPER",
    "PDSL",
    "PEARLPOLY",
    "PENIND",
    "PENINLAND",
    "PERSISTENT",
    "PETRONET",
    "PFC",
    "PFIZER",
    "PFOCUS",
    "PFS",
    "PGEL",
    "PGHH",
    "PGHL",
    "PGIL",
    "PHOENIXLTD",
    "PIDILITIND",
    "PIGL",
    "PIIND",
    "PILANIINVS",
    "PILITA",
    "PIONEEREMB",
    "PITTIENG",
    "PIXTRANS",
    "PKTEA",
    "PLASTIBLEN",
    "PNB",
    "PNBGILTS",
    "PNBHOUSING",
    "PNC",
    "PNCINFRA",
    "POCL",
    "PODDARMENT",
    "POKARNA",
    "POLICYBZR",
    "POLYCAB",
    "POLYMED",
    "POLYPLEX",
    "PONNIERODE",
    "POONAWALLA",
    "POWERGRID",
    "POWERINDIA",
    "POWERMECH",
    "PPAP",
    "PPL",
    "PPLPHARMA",
    "PRAENG",
    "PRAJIND",
    "PRAKASH",
    "PRAKASHSTL",
    "PRAXIS",
    "PRECAM",
    "PRECOT",
    "PRECWIRE",
    "PREMEXPLN",
    "PREMIERPOL",
    "PRESTIGE",
    "PRICOLLTD",
    "PRIMESECU",
    "PRINCEPIPE",
    "PRITI",
    "PRITIKAUTO",
    "PRIVISCL",
    "PROZONER",
    "PRSMJOHNSN",
    "PRUDENT",
    "PSB",
    "PSPPROJECT",
    "PTC",
    "PTL",
    "PUNJABCHEM",
    "PURVA",
    "PVP",
    "PVRINOX",
    "QUESS",
    "QUICKHEAL",
    "RADHIKAJWE",
    "RADIANTCMS",
    "RADICO",
    "RADIOCITY",
    "RAILTEL",
    "RAIN",
    "RAINBOW",
    "RAJESHEXPO",
    "RAJMET",
    "RAJRATAN",
    "RAJRILTD",
    "RAJSREESUG",
    "RAJTV",
    "RALLIS",
    "RAMANEWS",
    "RAMAPHO",
    "RAMASTEEL",
    "RAMCOCEM",
    "RAMCOIND",
    "RAMCOSYS",
    "RAMKY",
    "RAMRAT",
    "RANASUG",
    "RANEHOLDIN",
    "RATEGAIN",
    "RATNAMANI",
    "RAYMOND",
    "RBA",
    "RBLBANK",
    "RCF",
    "RECLTD",
    "REDINGTON",
    "REFEX",
    "REGENCERAM",
    "RELAXO",
    "RELCHEMQ",
    "RELIANCE",
    "RELIGARE",
    "RELINFRA",
    "REMSONSIND",
    "RENUKA",
    "REPCOHOME",
    "REPL",
    "REPRO",
    "RESPONIND",
    "RGL",
    "RHFL",
    "RHIM",
    "RICOAUTO",
    "RIIL",
    "RITCO",
    "RITES",
    "RKDL",
    "RKEC",
    "RKFORGE",
    "RMDRIP",
    "RML",
    "ROHLTD",
    "ROLEXRINGS",
    "ROLLT",
    "ROML",
    "ROSSARI",
    "ROSSELLIND",
    "ROTO",
    "ROUTE",
    "RPGLIFE",
    "RPOWER",
    "RPPINFRA",
    "RPPL",
    "RPSGVENT",
    "RSSOFTWARE",
    "RSWM",
    "RSYSTEMS",
    "RTNINDIA",
    "RTNPOWER",
    "RUBYMILLS",
    "RUCHINFRA",
    "RUCHIRA",
    "RUPA",
    "RUSHIL",
    "RUSTOMJEE",
    "RVHL",
    "RVNL",
    "S&SPOWER",
    "SABEVENTS",
    "SADBHAV",
    "SADBHIN",
    "SAFARI",
    "SAGARDEEP",
    "SAGCEM",
    "SAHYADRI",
    "SAIL",
    "SAKAR",
    "SAKHTISUG",
    "SAKSOFT",
    "SAKUMA",
    "SALASAR",
    "SALONA",
    "SALSTEEL",
    "SALZERELEC",
    "SAMBHAAV",
    "SAMMAANCAP",
    "SAMPANN",
    "SANDESH",
    "SANDHAR",
    "SANGAMIND",
    "SANGHIIND",
    "SANGHVIMOV",
    "SANGINITA",
    "SANOFI",
    "SANSERA",
    "SAPPHIRE",
    "SARDAEN",
    "SAREGAMA",
    "SARLAPOLY",
    "SARVESHWAR",
    "SASKEN",
    "SASTASUNDR",
    "SATIA",
    "SATIN",
    "SBC",
    "SBCL",
    "SBGLP",
    "SBICARD",
    "SBILIFE",
    "SBIN",
    "SCHAEFFLER",
    "SCHAND",
    "SCHNEIDER",
    "SCI",
    "SCPL",
    "SDBL",
    "SEAMECLTD",
    "SECURKLOUD",
    "SEJALLTD",
    "SELMC",
    "SEMAC",
    "SEPC",
    "SERVOTECH",
    "SESHAPAPER",
    "SETCO",
    "SFL",
    "SGIL",
    "SGL",
    "SHAH",
    "SHAHALLOYS",
    "SHAILY",
    "SHAKTIPUMP",
    "SHALBY",
    "SHALPAINTS",
    "SHANKARA",
    "SHANTI",
    "SHANTIGEAR",
    "SHARDACROP",
    "SHARDAMOTR",
    "SHAREINDIA",
    "SHEMAROO",
    "SHILPAMED",
    "SHIVALIK",
    "SHIVAMAUTO",
    "SHIVAMILLS",
    "SHIVATEX",
    "SHK",
    "SHOPERSTOP",
    "SHRADHA",
    "SHREDIGCEM",
    "SHREECEM",
    "SHREEPUSHK",
    "SHREERAMA",
    "SHRENIK",
    "SHREYANIND",
    "SHRIPISTON",
    "SHRIRAMFIN",
    "SHRIRAMPPS",
    "SHYAMCENT",
    "SHYAMMETL",
    "SHYAMTEL",
    "SIEMENS",
    "SIGACHI",
    "SIGIND",
    "SIGMA",
    "SIGMAADV",
    "SIKKO",
    "SIL",
    "SILGO",
    "SILINV",
    "SILLYMONKS",
    "SILVERTUC",
    "SIMBHALS",
    "SIMPLEXINF",
    "SINTERCOM",
    "SIRCA",
    "SIS",
    "SITINET",
    "SIYSIL",
    "SJS",
    "SJVN",
    "SKFINDIA",
    "SKIPPER",
    "SKMEGGPROD",
    "SKYGOLD",
    "SMARTLINK",
    "SMCGLOBAL",
    "SMLMAH",
    "SMLT",
    "SMSPHARMA",
    "SNOWMAN",
    "SOBHA",
    "SOFTTECH",
    "SOLARA",
    "SOLARINDS",
    "SOLEX",
    "SOMANYCERA",
    "SOMATEX",
    "SOMICONVEY",
    "SONACOMS",
    "SONAMLTD",
    "SONATSOFTW",
    "SOTL",
    "SOUTHBANK",
    "SOUTHWEST",
    "SPAL",
    "SPANDANA",
    "SPARC",
    "SPCENET",
    "SPECIALITY",
    "SPECTRUM",
    "SPENCERS",
    "SPIC",
    "SPLIL",
    "SPLPETRO",
    "SPMLINFRA",
    "SPORTKING",
    "SREEL",
    "SRF",
    "SRHHYPOLTD",
    "SSWL",
    "STAR",
    "STARCEMENT",
    "STARHEALTH",
    "STARPAPER",
    "STARTECK",
    "STCINDIA",
    "STEELCAS",
    "STEELCITY",
    "STEELXIND",
    "STEL",
    "STERTOOLS",
    "STLTECH",
    "STOVEKRAFT",
    "STYLAMIND",
    "STYRENIX",
    "SUBEXLTD",
    "SUBROS",
    "SUDARCOLOR",
    "SUDARSCHEM",
    "SUKHJITS",
    "SULA",
    "SUMICHEM",
    "SUMIT",
    "SUMMITSEC",
    "SUNDARAM",
    "SUNDARMFIN",
    "SUNDRMBRAK",
    "SUNDRMFAST",
    "SUNDROP",
    "SUNFLAG",
    "SUNPHARMA",
    "SUNTECK",
    "SUNTV",
    "SUPERHOUSE",
    "SUPERSPIN",
    "SUPRAJIT",
    "SUPREMEENG",
    "SUPREMEIND",
    "SUPREMEINF",
    "SUPRIYA",
    "SURANASOL",
    "SURANAT&P",
    "SURYALAXMI",
    "SURYAROSNI",
    "SURYODAY",
    "SUTLEJTEX",
    "SUVEN",
    "SUVIDHAA",
    "SUZLON",
    "SVLL",
    "SVPGLOB",
    "SWANCORP",
    "SWARAJENG",
    "SWELECTES",
    "SWSOLAR",
    "SYMPHONY",
    "SYNCOMF",
    "SYNGENE",
    "SYRMA",
    "TAINWALCHM",
    "TAJGVK",
    "TAKE",
    "TALBROAUTO",
    "TANLA",
    "TARACHAND",
    "TARAPUR",
    "TARC",
    "TARIL",
    "TARMAT",
    "TARSONS",
    "TASTYBITE",
    "TATACHEM",
    "TATACOMM",
    "TATACONSUM",
    "TATAELXSI",
    "TATAINVEST",
    "TATAPOWER",
    "TATASTEEL",
    "TATVA",
    "TBZ",
    "TCI",
    "TCIEXP",
    "TCPLPACK",
    "TCS",
    "TDPOWERSYS",
    "TEAMGTY",
    "TEAMLEASE",
    "TECHM",
    "TECHNOE",
    "TEGA",
    "TEJASNET",
    "TEMBO",
    "TERASOFT",
    "TEXINFRA",
    "TEXMOPIPES",
    "TEXRAIL",
    "TFCILTD",
    "TFL",
    "TGBHOTELS",
    "THANGAMAYL",
    "THEINVEST",
    "THEJO",
    "THEMISMED",
    "THERMAX",
    "THOMASCOOK",
    "THOMASCOTT",
    "THYROCARE",
    "TI",
    "TIIL",
    "TIINDIA",
    "TIJARIA",
    "TIL",
    "TIMETECHNO",
    "TIMKEN",
    "TIPSFILMS",
    "TIPSMUSIC",
    "TIRUMALCHM",
    "TIRUPATIFL",
    "TITAGARH",
    "TITAN",
    "TMB",
    "TMPV",
    "TNPETRO",
    "TNPL",
    "TNTELE",
    "TOKYOPLAST",
    "TORNTPHARM",
    "TORNTPOWER",
    "TOTAL",
    "TOUCHWOOD",
    "TPHQ",
    "TPLPLASTEH",
    "TRACXN",
    "TRANSWORLD",
    "TREEHOUSE",
    "TREJHARA",
    "TRENT",
    "TRF",
    "TRIDENT",
    "TRIGYN",
    "TRITURBINE",
    "TRIVENI",
    "TRU",
    "TSFINV",
    "TTKHLTCARE",
    "TTKPRESTIG",
    "TTL",
    "TTML",
    "TVSELECT",
    "TVSHLTD",
    "TVSMOTOR",
    "TVSSRICHAK",
    "TVTODAY",
    "TVVISION",
    "UBL",
    "UCAL",
    "UCOBANK",
    "UFBL",
    "UFLEX",
    "UFO",
    "UGARSUGAR",
    "UGROCAP",
    "UJJIVANSFB",
    "ULTRACEMCO",
    "UMAEXPORTS",
    "UMESLTD",
    "UMIYA-MRO",
    "UNICHEMLAB",
    "UNIDT",
    "UNIENTER",
    "UNIINFO",
    "UNIONBANK",
    "UNIPARTS",
    "UNITDSPR",
    "UNITECH",
    "UNITEDPOLY",
    "UNITEDTEA",
    "UNIVASTU",
    "UNIVCABLES",
    "UNIVPHOTO",
    "UNOMINDA",
    "UPL",
    "URAVIDEF",
    "URJA",
    "USHAMART",
    "USK",
    "UTIAMC",
    "UTTAMSUGAR",
    "V2RETAIL",
    "VADILALIND",
    "VAIBHAVGBL",
    "VAISHALI",
    "VAKRANGEE",
    "VALIANTORG",
    "VARDHACRLC",
    "VARDMNPOLY",
    "VARROC",
    "VASCONEQ",
    "VASWANI",
    "VBL",
    "VCL",
    "VEDL",
    "VEEDOL",
    "VENKEYS",
    "VENUSPIPES",
    "VENUSREM",
    "VERANDA",
    "VESUVIUS",
    "VETO",
    "VGL",
    "VGUARD",
    "VHL",
    "VIDHIING",
    "VIJAYA",
    "VIJIFIN",
    "VIKASECO",
    "VIKASLIFE",
    "VIMTALABS",
    "VINATIORGA",
    "VINDHYATEL",
    "VINEETLAB",
    "VINNY",
    "VINYLINDIA",
    "VIPCLOTHNG",
    "VIPIND",
    "VIPULLTD",
    "VISAKAIND",
    "VISHNU",
    "VISHWARAJ",
    "VITAL",
    "VIVIDHA",
    "VIYASH",
    "VLSFINANCE",
    "VMART",
    "VOLTAMP",
    "VOLTAS",
    "VRLLOG",
    "VSSL",
    "VSTIND",
    "VSTTILLERS",
    "VTL",
    "WABAG",
    "WALCHANNAG",
    "WANBURY",
    "WEALTH",
    "WEBELSOLAR",
    "WEIZMANIND",
    "WEL",
    "WELCORP",
    "WELENT",
    "WELINV",
    "WELSPUNLIV",
    "WENDT",
    "WESTLIFE",
    "WEWIN",
    "WHEELS",
    "WHIRLPOOL",
    "WILLAMAGOR",
    "WINDLAS",
    "WINDMACHIN",
    "WIPL",
    "WIPRO",
    "WOCKPHARMA",
    "WONDERLA",
    "WORTHPERI",
    "WSI",
    "WSTCSTPAPR",
    "XCHANGING",
    "XELPMOC",
    "XPROINDIA",
    "YESBANK",
    "YUKEN",
    "ZEEL",
    "ZEELEARN",
    "ZEEMEDIA",
    "ZENITHEXPO",
    "ZENITHSTL",
    "ZENSARTECH",
    "ZENTEC",
    "ZFCVINDIA",
    "ZIMLAB",
    "ZODIAC",
    "ZODIACLOTH",
    "ZOTA",
    "ZUARI",
    "ZUARIIND",
    "ZYDUSLIFE",
    "ZYDUSWELL"
  ],
  "selected_stocks": [
    "S&SPOWER",
    "RMDRIP",
    "ANANDRATHI",
    "NPST",
    "INDOTHAI",
    "TARAPUR",
    "GVT&D",
    "SPECTRUM",
    "CUPID",
    "ELECTHERM",
    "E2E",
    "SVLL",
    "LEMERITE",
    "TEAMGTY",
    "JSLL"
  ],
  "selected_indices": [
    1354,
    1326,
    94,
    1128,
    737,
    1573,
    622,
    1497,
    364,
    457,
    443,
    1557,
    916,
    1593,
    813
  ],
  "matrices": {
    "covariance_selected": [
      [
        0.20951157631780523,
        0.007836552107180894,
        0.012931439186846994,
        0.032645294242735844,
        -0.006371350167637825,
        -0.0013761156318790658,
        0.008296848008255876,
        0.01730991868521807,
        0.004441702184440822,
        0.0059921848740478074,
        0.008744262114062635,
        0.005353757545967003,
        0.007087661635792467,
        0.00764888709545554,
        0.016669361847898675
      ],
      [
        0.007836552107180894,
        0.2240708510624285,
        0.007750414496800985,
        0.014005656529537345,
        0.007431547790970415,
        -0.007938100027367561,
        0.012830481411928362,
        0.00706799147156227,
        0.013384648746718793,
        -0.0009544303614166485,
        0.010675783897278029,
        0.0028243499494533713,
        -0.0003051238075436879,
        -0.004431450155428404,
        0.008636567931657195
      ],
      [
        0.012931439186846994,
        0.007750414496800985,
        0.09711584534968246,
        0.014480498946299405,
        0.0010305452912108919,
        0.004139266393010352,
        0.009360273532761355,
        0.015291370872396445,
        0.0117696429161876,
        0.009914764232616792,
        0.008400985103579152,
        0.0038036505989178927,
        0.0047483350864029545,
        -0.0020345954410226773,
        0.007843906368952703
      ],
      [
        0.032645294242735844,
        0.014005656529537345,
        0.014480498946299405,
        0.35332103144867505,
        0.005211206638329969,
        0.005453046666318128,
        0.02917131495590195,
        0.036150203866042466,
        0.02277503602139474,
        0.02921605644021308,
        0.03266758507850006,
        0.019941597013185194,
        0.00979150993518113,
        0.018714686047193126,
        0.03136707269519043
      ],
      [
        -0.006371350167637825,
        0.007431547790970415,
        0.0010305452912108919,
        0.005211206638329969,
        0.23025504754287085,
        0.02408667439820979,
        0.005987165109254169,
        -0.006099796232078583,
        0.011502786268223009,
        0.006933938419263125,
        0.013916654380090888,
        0.0009606240447408887,
        0.006909750184469602,
        -0.0003134040004759863,
        0.002579353808517761
      ],
      [
        -0.0013761156318790658,
        -0.007938100027367561,
        0.004139266393010352,
        0.005453046666318128,
        0.02408667439820979,
        0.2703620191841315,
        0.02768504027663359,
        -0.0018123981188017712,
        -0.0035416479131515086,
        0.022019815433220707,
        0.02173536996884095,
        0.008951417089991469,
        0.015511064660501638,
        -0.009334689309938806,
        0.012180894549009863
      ],
      [
        0.008296848008255876,
        0.012830481411928362,
        0.009360273532761355,
        0.02917131495590195,
        0.005987165109254169,
        0.02768504027663359,
        0.21637249451401513,
        0.020994290547245296,
        0.01977092462761427,
        0.010155263191211489,
        0.018656106833204032,
        0.01611132747172849,
        -0.0005544063546416843,
        0.005733084553145745,
        0.026943860848496207
      ],
      [
        0.01730991868521807,
        0.00706799147156227,
        0.015291370872396445,
        0.036150203866042466,
        -0.006099796232078583,
        -0.0018123981188017712,
        0.020994290547245296,
        0.23364277786781618,
        0.00498548357674887,
        0.012328972862988872,
        0.005895124268694116,
        6.147546092588144e-05,
        0.008209998993571116,
        0.007238508605879711,
        0.009075711264279739
      ],
      [
        0.004441702184440822,
        0.013384648746718793,
        0.0117696429161876,
        0.02277503602139474,
        0.011502786268223009,
        -0.0035416479131515086,
        0.01977092462761427,
        0.00498548357674887,
        0.21841051691987728,
        0.009117684931978428,
        0.018418617903911937,
        0.008174022092118118,
        0.003247197528825538,
        0.0019066631582900415,
        0.014740543412061761
      ],
      [
        0.0059921848740478074,
        -0.0009544303614166485,
        0.009914764232616792,
        0.02921605644021308,
        0.006933938419263125,
        0.022019815433220707,
        0.010155263191211489,
        0.012328972862988872,
        0.009117684931978428,
        0.21335067493684945,
        0.01680569040527851,
        -0.0036021315291329755,
        -0.001378941858729349,
        -0.0019972230867143503,
        0.022214748052463353
      ],
      [
        0.008744262114062635,
        0.010675783897278029,
        0.008400985103579152,
        0.03266758507850006,
        0.013916654380090888,
        0.02173536996884095,
        0.018656106833204032,
        0.005895124268694116,
        0.018418617903911937,
        0.01680569040527851,
        0.2917662703484285,
        0.008353479074763057,
        0.007874254873977547,
        0.00034385766572229216,
        0.026156733291222003
      ],
      [
        0.005353757545967003,
        0.0028243499494533713,
        0.0038036505989178927,
        0.019941597013185194,
        0.0009606240447408887,
        0.008951417089991469,
        0.01611132747172849,
        6.147546092588144e-05,
        0.008174022092118118,
        -0.0036021315291329755,
        0.008353479074763057,
        0.24546499831958246,
        4.468659085014391e-06,
        0.023947279552068466,
        0.010564814811187971
      ],
      [
        0.007087661635792467,
        -0.0003051238075436879,
        0.0047483350864029545,
        0.00979150993518113,
        0.006909750184469602,
        0.015511064660501638,
        -0.0005544063546416843,
        0.008209998993571116,
        0.003247197528825538,
        -0.001378941858729349,
        0.007874254873977547,
        4.468659085014391e-06,
        0.19565288404204734,
        0.002543468861287497,
        -0.013968561039405308
      ],
      [
        0.00764888709545554,
        -0.004431450155428404,
        -0.0020345954410226773,
        0.018714686047193126,
        -0.0003134040004759863,
        -0.009334689309938806,
        0.005733084553145745,
        0.007238508605879711,
        0.0019066631582900415,
        -0.0019972230867143503,
        0.00034385766572229216,
        0.023947279552068466,
        0.002543468861287497,
        0.33709605106114404,
        0.0012299598980488344
      ],
      [
        0.016669361847898675,
        0.008636567931657195,
        0.007843906368952703,
        0.03136707269519043,
        0.002579353808517761,
        0.012180894549009863,
        0.026943860848496207,
        0.009075711264279739,
        0.014740543412061761,
        0.022214748052463353,
        0.026156733291222003,
        0.010564814811187971,
        -0.013968561039405308,
        0.0012299598980488344,
        0.34718115163306923
      ]
    ],
    "qubo_selected": [
      [
        -36172.86589369991,
        0.0011896517953663593,
        0.00024220933309435877,
        0.012294577434203176,
        -0.0032282493465555454,
        0.0069720444807892645,
        0.004262191405372132,
        0.019595906645033717,
        0.019186478593667924,
        0.007727784462659005,
        0.004725495708380534,
        0.015822336720938412,
        0.01089705999440791,
        0.01847734347393484,
        0.010613668043294422
      ],
      [
        0.0011896517953663593,
        -36173.3586475883,
        0.006375635428288851,
        0.01872054706552271,
        0.009496670172805909,
        0.012308052470271162,
        0.0051478502803565165,
        0.03026484679707661,
        0.02896099789259881,
        0.011010446530353608,
        0.01550082899360197,
        0.025862878373693988,
        0.005624657943773349,
        -0.004069190882045355,
        0.020182950812902358
      ],
      [
        0.00024220933309435877,
        0.006375635428288851,
        -36172.95367028078,
        0.010847127534230635,
        0.0012733508012821608,
        0.01689135105430378,
        0.01916310059708461,
        0.009193253057199277,
        0.001239182495731818,
        0.0006971555752956759,
        0.012098376258774426,
        0.002543152204888321,
        0.005843122364240704,
        0.0030391366400330595,
        0.00142475104393769
      ],
      [
        0.012294577434203176,
        0.01872054706552271,
        0.010847127534230635,
        -36173.57643736526,
        -0.0011088127092833686,
        0.042486482566170714,
        0.01396311263260224,
        0.06600168656456815,
        0.0583426299118039,
        0.009020426834438164,
        0.025660962823856725,
        0.016593696016511752,
        0.026575224898198715,
        0.01146616910629149,
        0.020599633601298205
      ],
      [
        -0.0032282493465555454,
        0.009496670172805909,
        0.0012733508012821608,
        -0.0011088127092833686,
        -36173.120435444696,
        0.02162125008678399,
        0.00385487671568478,
        0.009376843280955512,
        0.01958301987036226,
        0.0012410119402780264,
        -0.0006102476150873758,
        0.014175323271584933,
        -0.015379670854548699,
        0.005086937722574994,
        0.023319377339514565
      ],
      [
        0.0069720444807892645,
        0.012308052470271162,
        0.01689135105430378,
        0.042486482566170714,
        0.02162125008678399,
        -36173.13623676899,
        0.012467204240713719,
        0.015803148923690478,
        0.02044795437372197,
        -0.0014153253683103573,
        0.008762652847016893,
        0.014230870398527759,
        0.009427135853464969,
        0.008909848980552268,
        0.036802025342659826
      ],
      [
        0.004262191405372132,
        0.0051478502803565165,
        0.01916310059708461,
        0.01396311263260224,
        0.00385487671568478,
        0.012467204240713719,
        -36172.82268845086,
        0.01216543450745786,
        0.004671982264512474,
        0.005607385173021569,
        0.007064584753713312,
        -0.002313210575551466,
        0.010398606373446466,
        0.01350201302261049,
        0.00865102385785835
      ],
      [
        0.019595906645033717,
        0.03026484679707661,
        0.009193253057199277,
        0.06600168656456815,
        0.009376843280955512,
        0.015803148923690478,
        0.01216543450745786,
        -36173.36589416603,
        0.02833171171238493,
        0.010370240470935911,
        0.035319971635137906,
        0.02650695896745981,
        -0.0047503028840716445,
        0.005299282195836301,
        0.02204387906731887
      ],
      [
        0.019186478593667924,
        0.02896099789259881,
        0.001239182495731818,
        0.0583426299118039,
        0.01958301987036226,
        0.02044795437372197,
        0.004671982264512474,
        0.02833171171238493,
        -36173.801770363854,
        0.00830288634797781,
        0.02801131305907469,
        0.06529058848547169,
        0.0016622901430714087,
        0.03742937209438625,
        0.02100989698706866
      ],
      [
        0.007727784462659005,
        0.011010446530353608,
        0.0006971555752956759,
        0.009020426834438164,
        0.0012410119402780264,
        -0.0014153253683103573,
        0.005607385173021569,
        0.010370240470935911,
        0.00830288634797781,
        -36172.84814699494,
        0.0006256653310555671,
        0.01191551725718825,
        -0.010933118810626698,
        -0.004103704589053914,
        0.009914495658538405
      ],
      [
        0.004725495708380534,
        0.01550082899360197,
