{
  "scenario_group": "horizon",
  "scenario_name": "Horizon_24M_Train_36M",
  "scenario": {
    "train_start": "2021-03-12",
    "train_end": "2024-03-11",
    "test_start": "2024-03-12",
    "test_end": "2026-03-11",
    "description": "Test=24M, Train=36M ending at latest date"
  },
  "symbols_full": [
    "20MICRONS",
    "21STCENMGM",
    "360ONE",
    "3MINDIA",
    "3PLAND",
    "5PAISA",
    "63MOONS",
    "A2ZINFRA",
    "AAATECH",
    "AAKASH",
    "AAREYDRUGS",
    "AARON",
    "AARTIDRUGS",
    "AARTIIND",
    "AARTISURF",
    "AARVI",
    "AAVAS",
    "ABAN",
    "ABB",
    "ABBOTINDIA",
    "ABCAPITAL",
    "ABFRL",
    "ABMINTLLTD",
    "ABREL",
    "ABSLAMC",
    "ACC",
    "ACCELYA",
    "ACCURACY",
    "ACE",
    "ACUTAAS",
    "ADANIENSOL",
    "ADANIENT",
    "ADANIGREEN",
    "ADANIPORTS",
    "ADANIPOWER",
    "ADFFOODS",
    "ADL",
    "ADOR",
    "ADROITINFO",
    "ADSL",
    "ADVANIHOTR",
    "ADVENZYMES",
    "AEGISLOG",
    "AFFLE",
    "AGARIND",
    "AGI",
    "AGRITECH",
    "AGROPHOS",
    "AHLADA",
    "AHLEAST",
    "AHLUCONT",
    "AIAENG",
    "AIRAN",
    "AIROLAM",
    "AJANTPHARM",
    "AJMERA",
    "AJOONI",
    "AKASH",
    "AKG",
    "AKSHARCHEM",
    "AKSHOPTFBR",
    "AKZOINDIA",
    "ALANKIT",
    "ALBERTDAVD",
    "ALEMBICLTD",
    "ALICON",
    "ALIVUS",
    "ALKALI",
    "ALKEM",
    "ALKYLAMINE",
    "ALLCARGO",
    "ALLDIGI",
    "ALMONDZ",
    "ALOKINDS",
    "ALPA",
    "ALPHAGEO",
    "AMBER",
    "AMBICAAGAR",
    "AMBIKCO",
    "AMBUJACEM",
    "AMDIND",
    "AMJLAND",
    "AMRUTANJAN",
    "ANANTRAJ",
    "ANDHRAPAP",
    "ANDHRSUGAR",
    "ANGELONE",
    "ANIKINDS",
    "ANKITMETAL",
    "ANMOL",
    "ANSALAPI",
    "ANTELOPUS",
    "ANTGRAPHIC",
    "ANUP",
    "ANURAS",
    "APARINDS",
    "APCL",
    "APCOTEXIND",
    "APEX",
    "APLAPOLLO",
    "APLLTD",
    "APOLLO",
    "APOLLOHOSP",
    "APOLLOPIPE",
    "APOLLOTYRE",
    "APOLSINHOT",
    "APTECHT",
    "APTUS",
    "ARCHIDPLY",
    "ARCHIES",
    "ARE&M",
    "ARENTERP",
    "ARIES",
    "ARIHANTCAP",
    "ARIHANTSUP",
    "ARMANFIN",
    "AROGRANITE",
    "ARROWGREEN",
    "ARTEMISMED",
    "ARTNIRMAN",
    "ARVEE",
    "ARVIND",
    "ARVINDFASN",
    "ARVSMART",
    "ASAHIINDIA",
    "ASAHISONG",
    "ASAL",
    "ASALCBR",
    "ASHAPURMIN",
    "ASHIANA",
    "ASHIMASYN",
    "ASHOKA",
    "ASHOKLEY",
    "ASIANHOTNR",
    "ASIANPAINT",
    "ASIANTILES",
    "ASPINWALL",
    "ASTEC",
    "ASTERDM",
    "ASTRAL",
    "ASTRAMICRO",
    "ASTRAZEN",
    "ASTRON",
    "ATALREAL",
    "ATGL",
    "ATLANTAA",
    "ATUL",
    "ATULAUTO",
    "AUBANK",
    "AURIGROW",
    "AURIONPRO",
    "AUROPHARMA",
    "AURUM",
    "AUSOMENT",
    "AUTOAXLES",
    "AUTOIND",
    "AVADHSUGAR",
    "AVANTIFEED",
    "AVTNPL",
    "AWHCL",
    "AXISBANK",
    "AXISCADES",
    "AYMSYNTEX",
    "BAFNAPH",
    "BAGFILMS",
    "BAJAJ-AUTO",
    "BAJAJCON",
    "BAJAJELEC",
    "BAJAJFINSV",
    "BAJAJHIND",
    "BAJAJHLDNG",
    "BAJFINANCE",
    "BALAJITELE",
    "BALAMINES",
    "BALAXI",
    "BALKRISHNA",
    "BALKRISIND",
    "BALMLAWRIE",
    "BALPHARMA",
    "BALRAMCHIN",
    "BANARBEADS",
    "BANARISUG",
    "BANCOINDIA",
    "BANDHANBNK",
    "BANG",
    "BANKA",
    "BANKBARODA",
    "BANKINDIA",
    "BANSWRAS",
    "BASF",
    "BASML",
    "BATAINDIA",
    "BAYERCROP",
    "BBL",
    "BBOX",
    "BBTC",
    "BBTCL",
    "BCG",
    "BCLIND",
    "BCONCEPTS",
    "BDL",
    "BEARDSELL",
    "BECTORFOOD",
    "BEDMUTHA",
    "BEL",
    "BEML",
    "BEPL",
    "BERGEPAINT",
    "BETA",
    "BFINVEST",
    "BFUTILITIE",
    "BGRENERGY",
    "BHAGCHEM",
    "BHAGERIA",
    "BHAGYANGR",
    "BHANDARI",
    "BHARATFORG",
    "BHARATGEAR",
    "BHARATRAS",
    "BHARATWIRE",
    "BHARTIARTL",
    "BHEL",
    "BIGBLOC",
    "BIL",
    "BIOCON",
    "BIOFILCHEM",
    "BIRLACABLE",
    "BIRLACORPN",
    "BIRLAMONEY",
    "BIRLANU",
    "BLBLIMITED",
    "BLISSGVS",
    "BLKASHYAP",
    "BLS",
    "BLUEDART",
    "BLUESTARCO",
    "BODALCHEM",
    "BOMDYEING",
    "BOROLTD",
    "BORORENEW",
    "BOSCH-HCIL",
    "BOSCHLTD",
    "BPCL",
    "BPL",
    "BRIGADE",
    "BRITANNIA",
    "BRNL",
    "BROOKS",
    "BSE",
    "BSHSL",
    "BSL",
    "BSOFT",
    "BUTTERFLY",
    "BVCL",
    "BYKE",
    "CALSOFT",
    "CAMLINFINE",
    "CAMS",
    "CANBK",
    "CANFINHOME",
    "CANTABIL",
    "CAPACITE",
    "CAPLIPOINT",
    "CAPTRUST",
    "CARBORUNIV",
    "CARERATING",
    "CARTRADE",
    "CARYSIL",
    "CASTROLIND",
    "CCAVENUE",
    "CCHHL",
    "CCL",
    "CDSL",
    "CEATLTD",
    "CELEBRITY",
    "CEMPRO",
    "CENTENKA",
    "CENTEXT",
    "CENTRALBK",
    "CENTRUM",
    "CENTUM",
    "CENTURYPLY",
    "CERA",
    "CEREBRAINT",
    "CESC",
    "CGCL",
    "CGPOWER",
    "CHALET",
    "CHAMBLFERT",
    "CHEMBOND",
    "CHEMCON",
    "CHEMFAB",
    "CHEMPLASTS",
    "CHENNPETRO",
    "CHOLAFIN",
    "CHOLAHLDNG",
    "CIEINDIA",
    "CIGNITITEC",
    "CINELINE",
    "CINEVISTA",
    "CIPLA",
    "CLEAN",
    "CLEDUCATE",
    "CLSEL",
    "CNL",
    "COALINDIA",
    "COASTCORP",
    "COCHINSHIP",
    "COFFEEDAY",
    "COFORGE",
    "COHANCE",
    "COLPAL",
    "COMPINFO",
    "COMPUSOFT",
    "CONCOR",
    "CONFIPET",
    "CONSOFINVT",
    "CONTROLPR",
    "CORALFINAC",
    "CORDSCABLE",
    "COROMANDEL",
    "COSMOFIRST",
    "COUNCODOS",
    "CPCAP",
    "CRAFTSMAN",
    "CREATIVEYE",
    "CREDITACC",
    "CREST",
    "CRISIL",
    "CROMPTON",
    "CROWN",
    "CSBBANK",
    "CTE",
    "CUB",
    "CUBEXTUB",
    "CUMMINSIND",
    "CUPID",
    "CYBERMEDIA",
    "CYBERTECH",
    "CYIENT",
    "DABUR",
    "DALBHARAT",
    "DALMIASUG",
    "DAMODARIND",
    "DANGEE",
    "DATAMATICS",
    "DBCORP",
    "DBL",
    "DBREALTY",
    "DBSTOCKBRO",
    "DCAL",
    "DCBBANK",
    "DCM",
    "DCMFINSERV",
    "DCMNVL",
    "DCMSHRIRAM",
    "DCW",
    "DECCANCE",
    "DEEPAKFERT",
    "DEEPAKNTR",
    "DEEPINDS",
    "DELPHIFX",
    "DELTACORP",
    "DELTAMAGNT",
    "DEN",
    "DENORA",
    "DEVYANI",
    "DGCONTENT",
    "DHAMPURSUG",
    "DHANBANK",
    "DHANUKA",
    "DHARAN",
    "DHUNINV",
    "DIAMONDYD",
    "DICIND",
    "DIGISPICE",
    "DISHTV",
    "DIVISLAB",
    "DIXON",
    "DLF",
    "DLINKINDIA",
    "DMART",
    "DNAMEDIA",
    "DODLA",
    "DOLATALGO",
    "DOLLAR",
    "DONEAR",
    "DPABHUSHAN",
    "DPSCLTD",
    "DPWIRES",
    "DRCSYSTEMS",
    "DREDGECORP",
    "DRREDDY",
    "DSSL",
    "DTIL",
    "DUCON",
    "DVL",
    "DWARKESH",
    "DYNAMATECH",
    "DYNPRO",
    "E2E",
    "EASEMYTRIP",
    "ECLERX",
    "EDELWEISS",
    "EICHERMOT",
    "EIDPARRY",
    "EIFFL",
    "EIHAHOTELS",
    "EIHOTEL",
    "EIMCOELECO",
    "EKC",
    "ELECON",
    "ELECTCAST",
    "ELECTHERM",
    "ELGIEQUIP",
    "ELGIRUBCO",
    "EMAMILTD",
    "EMAMIPAP",
    "EMAMIREAL",
    "EMBDL",
    "EMKAY",
    "EMMBI",
    "ENDURANCE",
    "ENERGYDEV",
    "ENGINERSIN",
    "ENIL",
    "EPIGRAL",
    "EPL",
    "EQUITASBNK",
    "ERIS",
    "ESABINDIA",
    "ESCORTS",
    "ESSARSHPNG",
    "ESTER",
    "ETERNAL",
    "EVEREADY",
    "EVERESTIND",
    "EXCEL",
    "EXCELINDUS",
    "EXIDEIND",
    "EXPLEOSOL",
    "EXXARO",
    "FACT",
    "FAIRCHEMOR",
    "FCL",
    "FCSSOFT",
    "FDC",
    "FEDERALBNK",
    "FEL",
    "FELDVR",
    "FIEMIND",
    "FILATEX",
    "FINCABLES",
    "FINEORG",
    "FINPIPE",
    "FLEXITUFF",
    "FLFL",
    "FLUOROCHEM",
    "FMGOETZE",
    "FMNL",
    "FOCUS",
    "FORCEMOT",
    "FORTIS",
    "FOSECOIND",
    "FSL",
    "GABRIEL",
    "GAEL",
    "GAIL",
    "GALAXYSURF",
    "GALLANTT",
    "GANDHITUBE",
    "GANECOS",
    "GANESHBE",
    "GANESHHOU",
    "GANGAFORGE",
    "GANGESSECU",
    "GARFIBRES",
    "GATECHDVR",
    "GAYAHWS",
    "GEECEE",
    "GEEKAYWIRE",
    "GENCON",
    "GENESYS",
    "GENUSPAPER",
    "GENUSPOWER",
    "GEOJITFSL",
    "GESHIP",
    "GFLLIMITED",
    "GHCL",
    "GICHSGFIN",
    "GICRE",
    "GILLANDERS",
    "GILLETTE",
    "GINNIFILA",
    "GIPCL",
    "GKWLIMITED",
    "GLAND",
    "GLAXO",
    "GLENMARK",
    "GLFL",
    "GLOBAL",
    "GLOBALVECT",
    "GLOBE",
    "GLOBUSSPR",
    "GMBREW",
    "GMDCLTD",
    "GMMPFAUDLR",
    "GMRAIRPORT",
    "GNA",
    "GNFC",
    "GOACARBON",
    "GOCLCORP",
    "GODFRYPHLP",
    "GODREJAGRO",
    "GODREJCP",
    "GODREJIND",
    "GODREJPROP",
    "GOKEX",
    "GOKUL",
    "GOKULAGRO",
    "GOLDENTOBC",
    "GOLDIAM",
    "GOLDTECH",
    "GOODLUCK",
    "GPIL",
    "GPPL",
    "GPTINFRA",
    "GRANULES",
    "GRAPHITE",
    "GRASIM",
    "GRAVITA",
    "GREAVESCOT",
    "GREENLAM",
    "GREENPANEL",
    "GREENPLY",
    "GREENPOWER",
    "GRINDWELL",
    "GRINFRA",
    "GROBTEA",
    "GRPLTD",
    "GRSE",
    "GSFC",
    "GSPL",
    "GSS",
    "GTL",
    "GTLINFRA",
    "GTPL",
    "GUFICBIO",
    "GUJALKALI",
    "GUJAPOLLO",
    "GUJGASLTD",
    "GUJRAFFIA",
    "GULFOILLUB",
    "GULFPETRO",
    "GULPOLY",
    "GVPIL",
    "GVT&D",
    "HAL",
    "HALEOSLABS",
    "HAPPSTMNDS",
    "HARRMALAYA",
    "HATHWAY",
    "HATSUN",
    "HAVELLS",
    "HAVISHA",
    "HBLENGINE",
    "HBSL",
    "HCC",
    "HCG",
    "HCL-INSYS",
    "HCLTECH",
    "HDFCAMC",
    "HDFCBANK",
    "HDFCLIFE",
    "HEADSUP",
    "HEG",
    "HEIDELBERG",
    "HEMIPROP",
    "HERANBA",
    "HERITGFOOD",
    "HEROMOTOCO",
    "HESTERBIO",
    "HEXATRADEX",
    "HFCL",
    "HGINFRA",
    "HGM",
    "HGS",
    "HIKAL",
    "HILTON",
    "HIMATSEIDE",
    "HINDALCO",
    "HINDCOMPOS",
    "HINDCON",
    "HINDCOPPER",
    "HINDOILEXP",
    "HINDPETRO",
    "HINDUNILVR",
    "HINDWAREAP",
    "HINDZINC",
    "HIRECT",
    "HISARMETAL",
    "HITECH",
    "HITECHCORP",
    "HITECHGEAR",
    "HLEGLAS",
    "HLVLTD",
    "HMT",
    "HMVL",
    "HNDFDS",
    "HOMEFIRST",
    "HONAUT",
    "HONDAPOWER",
    "HPL",
    "HSCL",
    "HTMEDIA",
    "HUBTOWN",
    "HUDCO",
    "HUHTAMAKI",
    "IBULLSLTD",
    "ICDSLTD",
    "ICEMAKE",
    "ICICIBANK",
    "ICICIGI",
    "ICICIPRULI",
    "ICIL",
    "ICRA",
    "IDBI",
    "IDEA",
    "IDFCFIRSTB",
    "IEX",
    "IFBAGRO",
    "IFBIND",
    "IFCI",
    "IFGLEXPOR",
    "IGARASHI",
    "IGL",
    "IGPL",
    "IIFL",
    "IIFLCAPS",
    "IITL",
    "IL&FSENGG",
    "IL&FSTRANS",
    "IMAGICAA",
    "IMFA",
    "IMPAL",
    "INCREDIBLE",
    "INDBANK",
    "INDHOTEL",
    "INDIACEM",
    "INDIAGLYCO",
    "INDIAMART",
    "INDIANB",
    "INDIANCARD",
    "INDIANHUME",
    "INDIGO",
    "INDIGOPNTS",
    "INDNIPPON",
    "INDOCO",
    "INDORAMA",
    "INDOSTAR",
    "INDOTECH",
    "INDOTHAI",
    "INDOWIND",
    "INDRAMEDCO",
    "INDSWFTLAB",
    "INDTERRAIN",
    "INDUSINDBK",
    "INDUSTOWER",
    "INFOBEAN",
    "INFOMEDIA",
    "INFY",
    "INGERRAND",
    "INOXWIND",
    "INSECTICID",
    "INSPIRISYS",
    "INTELLECT",
    "INTENTECH",
    "INTLCONV",
    "INVENTURE",
    "IOB",
    "IOC",
    "IOLCP",
    "IPCALAB",
    "IPL",
    "IRB",
    "IRCON",
    "IRCTC",
    "IRFC",
    "IRISDOREME",
    "ISFT",
    "ISGEC",
    "ITC",
    "ITDC",
    "ITI",
    "IVC",
    "IVP",
    "IZMO",
    "J&KBANK",
    "JAGRAN",
    "JAGSNPHARM",
    "JAIBALAJI",
    "JAICORPLTD",
    "JAIPURKURT",
    "JAMNAAUTO",
    "JASH",
    "JAYAGROGN",
    "JAYBARMARU",
    "JAYNECOIND",
    "JAYSREETEA",
    "JBCHEPHARM",
    "JBMA",
    "JHS",
    "JINDALPHOT",
    "JINDALPOLY",
    "JINDALSAW",
    "JINDALSTEL",
    "JINDRILL",
    "JINDWORLD",
    "JISLDVREQS",
    "JISLJALEQS",
    "JITFINFRA",
    "JKCEMENT",
    "JKIL",
    "JKLAKSHMI",
    "JKPAPER",
    "JKTYRE",
    "JMA",
    "JMFINANCIL",
    "JOCIL",
    "JPASSOCIAT",
    "JPOLYINVST",
    "JPPOWER",
    "JSL",
    "JSWENERGY",
    "JSWHL",
    "JSWSTEEL",
    "JTEKTINDIA",
    "JUBLFOOD",
    "JUBLINGREA",
    "JUBLPHARMA",
    "JUSTDIAL",
    "JWL",
    "JYOTHYLAB",
    "JYOTISTRUC",
    "KABRAEXTRU",
    "KAJARIACER",
    "KAKATCEM",
    "KALYANIFRG",
    "KALYANKJIL",
    "KAMATHOTEL",
    "KAMDHENU",
    "KANANIIND",
    "KANORICHEM",
    "KANPRPLA",
    "KANSAINER",
    "KAPSTON",
    "KARMAENG",
    "KARURVYSYA",
    "KAVDEFENCE",
    "KAYA",
    "KCP",
    "KCPSUGIND",
    "KDDL",
    "KEC",
    "KECL",
    "KEI",
    "KELLTONTEC",
    "KERNEX",
    "KESORAMIND",
    "KEYFINSERV",
    "KHADIM",
    "KHAICHEM",
    "KHAITANLTD",
    "KHANDSE",
    "KICL",
    "KILITCH",
    "KIMS",
    "KINGFA",
    "KIOCL",
    "KIRIINDUS",
    "KIRLOSBROS",
    "KIRLOSENG",
    "KIRLOSIND",
    "KITEX",
    "KKCL",
    "KMSUGAR",
    "KNRCON",
    "KOKUYOCMLN",
    "KOLTEPATIL",
    "KOPRAN",
    "KOTAKBANK",
    "KOTARISUG",
    "KOTHARIPET",
    "KOTHARIPRO",
    "KPIGREEN",
    "KPIL",
    "KPITTECH",
    "KPRMILL",
    "KRBL",
    "KREBSBIO",
    "KRIDHANINF",
    "KRISHANA",
    "KRSNAA",
    "KSB",
    "KSCL",
    "KSL",
    "KSOLVES",
    "KTKBANK",
    "KUANTUM",
    "LAGNAM",
    "LAKPRE",
    "LALPATHLAB",
    "LAMBODHARA",
    "LAOPALA",
    "LASA",
    "LAURUSLABS",
    "LAXMICOT",
    "LCCINFOTEC",
    "LEMONTREE",
    "LEXUS",
    "LFIC",
    "LGBBROSLTD",
    "LIBAS",
    "LIBERTSHOE",
    "LICHSGFIN",
    "LIKHITHA",
    "LINC",
    "LINCOLN",
    "LINDEINDIA",
    "LLOYDSENGG",
    "LMW",
    "LODHA",
    "LOKESHMACH",
    "LOTUSEYE",
    "LOVABLE",
    "LPDC",
    "LT",
    "LTF",
    "LTFOODS",
    "LTM",
    "LTTS",
    "LUMAXIND",
    "LUMAXTECH",
    "LUPIN",
    "LUXIND",
    "LXCHEM",
    "LYKALABS",
    "LYPSAGEMS",
    "M&M",
    "M&MFIN",
    "MAANALU",
    "MACPOWER",
    "MADHAV",
    "MADHUCON",
    "MADRASFERT",
    "MAGADSUGAR",
    "MAGNUM",
    "MAHABANK",
    "MAHAPEXLTD",
    "MAHASTEEL",
    "MAHEPC",
    "MAHESHWARI",
    "MAHLIFE",
    "MAHLOG",
    "MAHSCOOTER",
    "MAHSEAMLES",
    "MAITHANALL",
    "MALUPAPER",
    "MANAKALUCO",
    "MANAKCOAT",
    "MANAKSIA",
    "MANAKSTEEL",
    "MANALIPETC",
    "MANAPPURAM",
    "MANGALAM",
    "MANGLMCEM",
    "MANINDS",
    "MANINFRA",
    "MANUGRAPH",
    "MARALOVER",
    "MARATHON",
    "MARICO",
    "MARINE",
    "MARKSANS",
    "MARUTI",
    "MASFIN",
    "MASKINVEST",
    "MASTEK",
    "MATRIMONY",
    "MAWANASUG",
    "MAXHEALTH",
    "MAXIND",
    "MAYURUNIQ",
    "MAZDA",
    "MAZDOCK",
    "MBAPL",
    "MBLINFRA",
    "MCL",
    "MCLEODRUSS",
    "MCX",
    "MENONBE",
    "MEP",
    "METROPOLIS",
    "MFSL",
    "MGEL",
    "MGL",
    "MHRIL",
    "MIDHANI",
    "MINDACORP",
    "MINDTECK",
    "MIRCELECTR",
    "MIRZAINT",
    "MITCON",
    "MITTAL",
    "MMFL",
    "MMP",
    "MMTC",
    "MODIRUBBER",
    "MODISONLTD",
    "MOHITIND",
    "MOIL",
    "MOKSH",
    "MOL",
    "MOLDTECH",
    "MOLDTKPAC",
    "MONTECARLO",
    "MORARJEE",
    "MOREPENLAB",
    "MOTHERSON",
    "MOTILALOFS",
    "MOTOGENFIN",
    "MPHASIS",
    "MPSLTD",
    "MRF",
    "MRPL",
    "MSPL",
    "MSTCLTD",
    "MTARTECH",
    "MTEDUCARE",
    "MTNL",
    "MUKANDLTD",
    "MUKTAARTS",
    "MUNJALAU",
    "MUNJALSHOW",
    "MURUDCERA",
    "MUTHOOTCAP",
    "MUTHOOTFIN",
    "NACLIND",
    "NAGAFERT",
    "NAGREEKCAP",
    "NAGREEKEXP",
    "NAHARCAP",
    "NAHARINDUS",
    "NAHARPOLY",
    "NAHARSPING",
    "NAM-INDIA",
    "NATCOPHARM",
    "NATHBIOGEN",
    "NATIONALUM",
    "NAUKRI",
    "NAVA",
    "NAVINFLUOR",
    "NAVKARCORP",
    "NAVNETEDUL",
    "NAZARA",
    "NBCC",
    "NBIFIN",
    "NCC",
    "NCLIND",
    "NDGL",
    "NDL",
    "NDLVENTURE",
    "NDRAUTO",
    "NDTV",
    "NECCLTD",
    "NECLIFE",
    "NELCAST",
    "NELCO",
    "NEOGEN",
    "NESCO",
    "NESTLEIND",
    "NETWORK18",
    "NEULANDLAB",
    "NEWGEN",
    "NEXTMEDIA",
    "NFL",
    "NGIL",
    "NH",
    "NHPC",
    "NIACL",
    "NIBL",
    "NIITLTD",
    "NILAINFRA",
    "NILASPACES",
    "NILKAMAL",
    "NIPPOBATRY",
    "NIRAJ",
    "NITCO",
    "NITINSPIN",
    "NITIRAJ",
    "NKIND",
    "NLCINDIA",
    "NMDC",
    "NOCIL",
    "NOIDATOLL",
    "NORBTEAEXP",
    "NRAIL",
    "NRBBEARING",
    "NSIL",
    "NTPC",
    "NUCLEUS",
    "NURECA",
    "NUVOCO",
    "OAL",
    "OBEROIRLTY",
    "OFSS",
    "OIL",
    "OILCOUNTUB",
    "OLECTRA",
    "OMAXAUTO",
    "OMAXE",
    "OMINFRAL",
    "OMKARCHEM",
    "ONELIFECAP",
    "ONEPOINT",
    "ONGC",
    "ONMOBILE",
    "ONWARDTEC",
    "OPTIEMUS",
    "ORBTEXP",
    "ORCHPHARMA",
    "ORICONENT",
    "ORIENTALTL",
    "ORIENTBELL",
    "ORIENTCEM",
    "ORIENTCER",
    "ORIENTELEC",
    "ORIENTHOT",
    "ORIENTLTD",
    "ORIENTPPR",
    "ORISSAMINE",
    "ORTINGLOBE",
    "OSWALAGRO",
    "OSWALGREEN",
    "OSWALSEEDS",
    "PAGEIND",
    "PAISALO",
    "PALASHSECU",
    "PALREDTEC",
    "PANACEABIO",
    "PANACHE",
    "PANAMAPET",
    "PANSARI",
    "PAR",
    "PARACABLES",
    "PARAGMILK",
    "PARAS",
    "PARSVNATH",
    "PASUPTAC",
    "PATANJALI",
    "PATELENG",
    "PATINTLOG",
    "PCBL",
    "PCJEWELLER",
    "PDMJEPAPER",
    "PDSL",
    "PEARLPOLY",
    "PENIND",
    "PENINLAND",
    "PERSISTENT",
    "PETRONET",
    "PFC",
    "PFIZER",
    "PFOCUS",
    "PFS",
    "PGEL",
    "PGHH",
    "PGHL",
    "PGIL",
    "PHOENIXLTD",
    "PIDILITIND",
    "PIIND",
    "PILANIINVS",
    "PILITA",
    "PIONEEREMB",
    "PITTIENG",
    "PKTEA",
    "PLASTIBLEN",
    "PNB",
    "PNBGILTS",
    "PNBHOUSING",
    "PNC",
    "PNCINFRA",
    "PODDARMENT",
    "POKARNA",
    "POLYCAB",
    "POLYMED",
    "POLYPLEX",
    "PONNIERODE",
    "POONAWALLA",
    "POWERGRID",
    "POWERINDIA",
    "POWERMECH",
    "PPAP",
    "PPL",
    "PRAENG",
    "PRAJIND",
    "PRAKASH",
    "PRAKASHSTL",
    "PRAXIS",
    "PRECAM",
    "PRECOT",
    "PRECWIRE",
    "PREMEXPLN",
    "PREMIER",
    "PREMIERPOL",
    "PRESTIGE",
    "PRICOLLTD",
    "PRIMESECU",
    "PRINCEPIPE",
    "PRITI",
    "PRITIKAUTO",
    "PRIVISCL",
    "PROZONER",
    "PRSMJOHNSN",
    "PSB",
    "PSPPROJECT",
    "PTC",
    "PTL",
    "PUNJABCHEM",
    "PURVA",
    "PVP",
    "PVRINOX",
    "QUESS",
    "QUICKHEAL",
    "RADICO",
    "RADIOCITY",
    "RAILTEL",
    "RAIN",
    "RAJESHEXPO",
    "RAJMET",
    "RAJRATAN",
    "RAJSREESUG",
    "RAJTV",
    "RALLIS",
    "RAMANEWS",
    "RAMASTEEL",
    "RAMCOCEM",
    "RAMCOIND",
    "RAMCOSYS",
    "RAMKY",
    "RANASUG",
    "RANEHOLDIN",
    "RATNAMANI",
    "RAYMOND",
    "RBA",
    "RBLBANK",
    "RCF",
    "RCOM",
    "RECLTD",
    "REDINGTON",
    "REFEX",
    "RELAXO",
    "RELIANCE",
    "RELIGARE",
    "RELINFRA",
    "REMSONSIND",
    "RENUKA",
    "REPCOHOME",
    "REPL",
    "REPRO",
    "RESPONIND",
    "RGL",
    "RHFL",
    "RHIM",
    "RICOAUTO",
    "RIIL",
    "RITES",
    "RKDL",
    "RKEC",
    "RKFORGE",
    "RML",
    "ROHLTD",
    "ROLEXRINGS",
    "ROLLT",
    "ROML",
    "ROSSARI",
    "ROSSELLIND",
    "ROUTE",
    "RPGLIFE",
    "RPOWER",
    "RPPINFRA",
    "RPPL",
    "RPSGVENT",
    "RSSOFTWARE",
    "RSWM",
    "RSYSTEMS",
    "RTNINDIA",
    "RTNPOWER",
    "RUBYMILLS",
    "RUCHINFRA",
    "RUCHIRA",
    "RUPA",
    "RUSHIL",
    "RVHL",
    "RVNL",
    "SABEVENTS",
    "SADBHAV",
    "SADBHIN",
    "SAFARI",
    "SAGARDEEP",
    "SAGCEM",
    "SAIL",
    "SAKAR",
    "SAKHTISUG",
    "SAKSOFT",
    "SAKUMA",
    "SALASAR",
    "SALONA",
    "SALSTEEL",
    "SALZERELEC",
    "SAMBHAAV",
    "SAMMAANCAP",
    "SAMPANN",
    "SANCO",
    "SANDESH",
    "SANDHAR",
    "SANGAMIND",
    "SANGHIIND",
    "SANGHVIMOV",
    "SANGINITA",
    "SANOFI",
    "SANSERA",
    "SARDAEN",
    "SAREGAMA",
    "SARLAPOLY",
    "SARVESHWAR",
    "SASKEN",
    "SASTASUNDR",
    "SATIA",
    "SATIN",
    "SBCL",
    "SBICARD",
    "SBILIFE",
    "SBIN",
    "SCHAEFFLER",
    "SCHAND",
    "SCHNEIDER",
    "SCI",
    "SDBL",
    "SEAMECLTD",
    "SECURKLOUD",
    "SEMAC",
    "SEPC",
    "SERVOTECH",
    "SESHAPAPER",
    "SETCO",
    "SEYAIND",
    "SFL",
    "SGIL",
    "SGL",
    "SHAH",
    "SHAHALLOYS",
    "SHAKTIPUMP",
    "SHALBY",
    "SHALPAINTS",
    "SHANKARA",
    "SHANTI",
    "SHANTIGEAR",
    "SHARDACROP",
    "SHARDAMOTR",
    "SHAREINDIA",
    "SHEMAROO",
    "SHILPAMED",
    "SHIVAMAUTO",
    "SHIVAMILLS",
    "SHIVATEX",
    "SHK",
    "SHOPERSTOP",
    "SHRADHA",
    "SHREDIGCEM",
    "SHREECEM",
    "SHREEPUSHK",
    "SHREERAMA",
    "SHRENIK",
    "SHREYANIND",
    "SHRIPISTON",
    "SHRIRAMFIN",
    "SHYAMCENT",
    "SHYAMMETL",
    "SHYAMTEL",
    "SIEMENS",
    "SIGIND",
    "SIGMAADV",
    "SIKKO",
    "SIL",
    "SILGO",
    "SILINV",
    "SILLYMONKS",
    "SILVERTUC",
    "SIMBHALS",
    "SIMPLEXINF",
    "SINTERCOM",
    "SIRCA",
    "SIS",
    "SITINET",
    "SIYSIL",
    "SJVN",
    "SKFINDIA",
    "SKIPPER",
    "SKMEGGPROD",
    "SMARTLINK",
    "SMCGLOBAL",
    "SMLMAH",
    "SMSPHARMA",
    "SNOWMAN",
    "SOBHA",
    "SOFTTECH",
    "SOLARA",
    "SOLARINDS",
    "SOLEX",
    "SOMANYCERA",
    "SOMATEX",
    "SOMICONVEY",
    "SONACOMS",
    "SONAMLTD",
    "SONATSOFTW",
    "SOTL",
    "SOUTHBANK",
    "SOUTHWEST",
    "SPAL",
    "SPANDANA",
    "SPARC",
    "SPECIALITY",
    "SPENCERS",
    "SPIC",
    "SPLIL",
    "SPMLINFRA",
    "SREEL",
    "SRF",
    "SRHHYPOLTD",
    "SSWL",
    "STAR",
    "STARCEMENT",
    "STARPAPER",
    "STCINDIA",
    "STEELCITY",
    "STEELXIND",
    "STEL",
    "STERTOOLS",
    "STLTECH",
    "STOVEKRAFT",
    "STYLAMIND",
    "STYRENIX",
    "SUBEXLTD",
    "SUBROS",
    "SUDARCOLOR",
    "SUDARSCHEM",
    "SUMICHEM",
    "SUMIT",
    "SUMMITSEC",
    "SUNDARAM",
    "SUNDARMFIN",
    "SUNDRMBRAK",
    "SUNDRMFAST",
    "SUNDROP",
    "SUNFLAG",
    "SUNPHARMA",
    "SUNTECK",
    "SUNTV",
    "SUPERHOUSE",
    "SUPERSPIN",
    "SUPRAJIT",
    "SUPREMEENG",
    "SUPREMEIND",
    "SUPREMEINF",
    "SURANASOL",
    "SURANAT&P",
    "SURYALAXMI",
    "SURYAROSNI",
    "SURYODAY",
    "SUTLEJTEX",
    "SUVEN",
    "SUVIDHAA",
    "SUZLON",
    "SVPGLOB",
    "SWANCORP",
    "SWARAJENG",
    "SWELECTES",
    "SWSOLAR",
    "SYMPHONY",
    "SYNGENE",
    "TAINWALCHM",
    "TAJGVK",
    "TAKE",
    "TALBROAUTO",
    "TANLA",
    "TARACHAND",
    "TARAPUR",
    "TARC",
    "TARIL",
    "TARMAT",
    "TASTYBITE",
    "TATACHEM",
    "TATACOMM",
    "TATACONSUM",
    "TATAELXSI",
    "TATAINVEST",
    "TATAPOWER",
    "TATASTEEL",
    "TATVA",
    "TBZ",
    "TCI",
    "TCIEXP",
    "TCPLPACK",
    "TCS",
    "TDPOWERSYS",
    "TEAMGTY",
    "TEAMLEASE",
    "TECHM",
    "TECHNOE",
    "TEJASNET",
    "TEMBO",
    "TERASOFT",
    "TEXINFRA",
    "TEXMOPIPES",
    "TEXRAIL",
    "TFCILTD",
    "TFL",
    "TGBHOTELS",
    "THANGAMAYL",
    "THEINVEST",
    "THEJO",
    "THEMISMED",
    "THERMAX",
    "THOMASCOOK",
    "THOMASCOTT",
    "THYROCARE",
    "TI",
    "TIIL",
    "TIINDIA",
    "TIJARIA",
    "TIL",
    "TIMETECHNO",
    "TIMKEN",
    "TIPSMUSIC",
    "TIRUMALCHM",
    "TIRUPATIFL",
    "TITAGARH",
    "TITAN",
    "TMPV",
    "TNPETRO",
    "TNPL",
    "TNTELE",
    "TOKYOPLAST",
    "TORNTPHARM",
    "TORNTPOWER",
    "TOTAL",
    "TOUCHWOOD",
    "TPLPLASTEH",
    "TRANSWORLD",
    "TREEHOUSE",
    "TREJHARA",
    "TRENT",
    "TRF",
    "TRIDENT",
    "TRIGYN",
    "TRITURBINE",
    "TRIVENI",
    "TSFINV",
    "TTKHLTCARE",
    "TTKPRESTIG",
    "TTL",
    "TTML",
    "TVSELECT",
    "TVSHLTD",
    "TVSMOTOR",
    "TVSSRICHAK",
    "TVTODAY",
    "TVVISION",
    "UBL",
    "UCAL",
    "UCOBANK",
    "UFBL",
    "UFLEX",
    "UFO",
    "UGARSUGAR",
    "UGROCAP",
    "UJJIVANSFB",
    "ULTRACEMCO",
    "UMESLTD",
    "UMIYA-MRO",
    "UNICHEMLAB",
    "UNIDT",
    "UNIENTER",
    "UNIINFO",
    "UNIONBANK",
    "UNITDSPR",
    "UNITECH",
    "UNITEDPOLY",
    "UNITEDTEA",
    "UNIVASTU",
    "UNIVCABLES",
    "UNIVPHOTO",
    "UNOMINDA",
    "UPL",
    "URJA",
    "USHAMART",
    "UTIAMC",
    "UTTAMSUGAR",
    "V2RETAIL",
    "VADILALIND",
    "VAIBHAVGBL",
    "VAISHALI",
    "VAKRANGEE",
    "VALIANTORG",
    "VARDHACRLC",
    "VARDMNPOLY",
    "VARROC",
    "VASCONEQ",
    "VASWANI",
    "VBL",
    "VEDL",
    "VEEDOL",
    "VENKEYS",
    "VENUSREM",
    "VESUVIUS",
    "VETO",
    "VGL",
    "VGUARD",
    "VHL",
    "VIDHIING",
    "VIJAYA",
    "VIJIFIN",
    "VIKASECO",
    "VIKASLIFE",
    "VIMTALABS",
    "VINATIORGA",
    "VINDHYATEL",
    "VINEETLAB",
    "VINYLINDIA",
    "VIPCLOTHNG",
    "VIPIND",
    "VIPULLTD",
    "VISAKAIND",
    "VISASTEEL",
    "VISHNU",
    "VISHWARAJ",
    "VIVIDHA",
    "VIYASH",
    "VLSFINANCE",
    "VMART",
    "VOLTAMP",
    "VOLTAS",
    "VRLLOG",
    "VSSL",
    "VSTIND",
    "VSTTILLERS",
    "VTL",
    "WABAG",
    "WALCHANNAG",
    "WANBURY",
    "WEALTH",
    "WEBELSOLAR",
    "WEIZMANIND",
    "WEL",
    "WELCORP",
    "WELENT",
    "WELINV",
    "WELSPUNLIV",
    "WENDT",
    "WESTLIFE",
    "WHEELS",
    "WHIRLPOOL",
    "WILLAMAGOR",
    "WINDLAS",
    "WINDMACHIN",
    "WIPL",
    "WIPRO",
    "WOCKPHARMA",
    "WONDERLA",
    "WORTHPERI",
    "WSTCSTPAPR",
    "XCHANGING",
    "XELPMOC",
    "XPROINDIA",
    "YESBANK",
    "YUKEN",
    "ZEEL",
    "ZEELEARN",
    "ZEEMEDIA",
    "ZENITHEXPO",
    "ZENITHSTL",
    "ZENSARTECH",
    "ZENTEC",
    "ZFCVINDIA",
    "ZODIAC",
    "ZODIACLOTH",
    "ZOTA",
    "ZUARI",
    "ZUARIIND",
    "ZYDUSLIFE",
    "ZYDUSWELL"
  ],
  "selected_stocks": [
    "THOMASCOTT",
    "FOCUS",
    "ZODIAC",
    "MBAPL",
    "JITFINFRA",
    "XPROINDIA",
    "KERNEX",
    "OSWALSEEDS",
    "ONEPOINT",
    "CROWN",
    "SARVESHWAR",
    "WEL",
    "21STCENMGM",
    "SERVOTECH",
    "BCONCEPTS"
  ],
  "selected_indices": [
    1436,
    460,
    1596,
    895,
    720,
    1585,
    767,
    1044,
    1024,
    330,
    1236,
    1565,
    1,
    1254,
    199
  ],
  "matrices": {
    "covariance_selected": [
      [
        0.2532567672832874,
        0.021285367803819455,
        0.026648956814358735,
        0.004508793814724719,
        0.017667481291623877,
        0.0129763440484553,
        0.006219027772390867,
        -0.0010139976074095937,
        0.023909627408468987,
        0.002537438775200802,
        0.02032458680121163,
        0.008082697691687922,
        0.010717716041740315,
        0.006396164741909974,
        0.013401527843091319
      ],
      [
        0.021285367803819455,
        0.2651137251113976,
        -0.0014054334538421756,
        0.004328846908928933,
        0.01404616287696103,
        0.017870622803942016,
        0.014951849474179746,
        0.0017609058766664763,
        0.02142284051805378,
        0.009810559658275483,
        0.025673723812548645,
        0.005792062269658147,
        0.00567046530332862,
        0.02387253429411294,
        0.008531024896293586
      ],
      [
        0.026648956814358735,
        -0.0014054334538421756,
        0.2672366237282536,
        -0.010001381179486431,
        0.015997784277626766,
        0.020294210330280824,
        0.009386318335477296,
        0.00608571324378815,
        0.008700240963931365,
        0.006705630953782208,
        0.005443505940896849,
        0.02671182697641584,
        -0.0026233030412560416,
        0.018752638865345315,
        0.026480302780332525
      ],
      [
        0.004508793814724719,
        0.004328846908928933,
        -0.010001381179486431,
        0.22685038540043298,
        0.026751363409249957,
        0.021535204898670102,
        0.014612801646154094,
        0.010024157280203476,
        0.013313155127301156,
        0.004796736504241667,
        -0.0023871695945431436,
        0.00797286152591827,
        -0.0015949821688692027,
        0.011378553022342837,
        0.003401046446925655
      ],
      [
        0.017667481291623877,
        0.01404616287696103,
        0.015997784277626766,
        0.026751363409249957,
        0.28246847922918505,
        0.01708508821427168,
        0.014445053919670126,
        0.011437160464527498,
        0.004857638447232497,
        0.016780976516545826,
        0.004208531698792344,
        0.00781684202477927,
        0.009704111961652193,
        0.012414548224021603,
        0.017158325916411376
      ],
      [
        0.0129763440484553,
        0.017870622803942016,
        0.020294210330280824,
        0.021535204898670102,
        0.01708508821427168,
        0.2902391052685995,
        0.03300190815503021,
        0.004508388909474373,
        0.011328825813009421,
        0.024615446288969993,
        0.040971188410193336,
        0.00881176793747681,
        0.005305389196493139,
        0.010855577451751204,
        0.028798900063427984
      ],
      [
        0.006219027772390867,
        0.014951849474179746,
        0.009386318335477296,
        0.014612801646154094,
        0.014445053919670126,
        0.03300190815503021,
        0.24269236448495674,
        0.0029792263606208485,
        0.004473432545541861,
        0.025130353483058726,
        0.015255521191515287,
        0.0008638168690449165,
        0.004836699341069447,
        0.023746896641619022,
        0.022459103450464105
      ],
      [
        -0.0010139976074095937,
        0.0017609058766664763,
        0.00608571324378815,
        0.010024157280203476,
        0.011437160464527498,
        0.004508388909474373,
        0.0029792263606208485,
        0.19925058891785336,
        0.009129605734447916,
        0.006046856957086404,
        0.005976341282383754,
        0.00022893801181280376,
        -0.010342227667695223,
        -0.002344963746585381,
        0.017251459646867064
      ],
      [
        0.023909627408468987,
        0.02142284051805378,
        0.008700240963931365,
        0.013313155127301156,
        0.004857638447232497,
        0.011328825813009421,
        0.004473432545541861,
        0.009129605734447916,
        0.2564041144816847,
        0.011645184134736208,
        0.004047288124704818,
        0.006062829200830079,
        0.004330650162216258,
        0.00017188838607624723,
        0.023704723048824365
      ],
      [
        0.002537438775200802,
        0.009810559658275483,
        0.006705630953782208,
        0.004796736504241667,
        0.016780976516545826,
        0.024615446288969993,
        0.025130353483058726,
        0.006046856957086404,
        0.011645184134736208,
        0.22206900168660276,
        0.021031063060868112,
        0.004287339122759118,
        0.009426076672189324,
        0.009941662765240623,
        0.009507168405910925
      ],
      [
        0.02032458680121163,
        0.025673723812548645,
        0.005443505940896849,
        -0.0023871695945431436,
        0.004208531698792344,
        0.040971188410193336,
        0.015255521191515287,
        0.005976341282383754,
        0.004047288124704818,
        0.021031063060868112,
        0.4455065425480714,
        0.0024466056801433233,
        -0.004109208053946296,
        0.0261728352258751,
        0.010781257616188287
      ],
      [
        0.008082697691687922,
        0.005792062269658147,
        0.02671182697641584,
        0.00797286152591827,
        0.00781684202477927,
        0.00881176793747681,
        0.0008638168690449165,
        0.00022893801181280376,
        0.006062829200830079,
        0.004287339122759118,
        0.0024466056801433233,
        0.2982088662005731,
        0.00505767501736806,
        0.010966905173974709,
        0.009608062699805419
      ],
      [
        0.010717716041740315,
        0.00567046530332862,
        -0.0026233030412560416,
        -0.0015949821688692027,
        0.009704111961652193,
        0.005305389196493139,
        0.004836699341069447,
        -0.010342227667695223,
        0.004330650162216258,
        0.009426076672189324,
        -0.004109208053946296,
        0.00505767501736806,
        0.06778581949034523,
        -0.002725464755299831,
        0.006537685409680744
      ],
      [
        0.006396164741909974,
        0.02387253429411294,
        0.018752638865345315,
        0.011378553022342837,
        0.012414548224021603,
        0.010855577451751204,
        0.023746896641619022,
        -0.002344963746585381,
        0.00017188838607624723,
        0.009941662765240623,
        0.0261728352258751,
        0.010966905173974709,
        -0.002725464755299831,
        0.28157884530040606,
        0.01943741299428673
      ],
      [
        0.013401527843091319,
        0.008531024896293586,
        0.026480302780332525,
        0.003401046446925655,
        0.017158325916411376,
        0.028798900063427984,
        0.022459103450464105,
        0.017251459646867064,
        0.023704723048824365,
        0.009507168405910925,
        0.010781257616188287,
        0.009608062699805419,
        0.006537685409680744,
        0.01943741299428673,
        0.2695979729650812
      ]
    ],
    "qubo_selected": [
      [
        -32441.517861259155,
        0.011099888685481828,
        0.011292568473357004,
        0.0016890223931576595,
        0.016716505855308164,
        0.006722861288693712,
        0.016914526394605247,
        0.0027129810519266537,
        0.010378544602404888,
        -0.0014605600550915098,
        -0.004543948508092978,
        0.0035647612575273923,
        0.0013044845518624525,
        0.002608081066078362,
        0.006334010083667576
      ],
      [
        0.011099888685481828,
        -32442.339165997113,
        0.01901433681182185,
        0.017062049792587172,
        0.027753955744124988,
        0.04491820690092821,
        0.022572715179909043,
        -0.0030472694268180527,
        0.005104360422715406,
        0.03450291929373413,
        0.03887482598857346,
        0.021701056087877896,
        -0.0044996778805738635,
        -0.0023083790821497928,
        0.05296060556066505
      ],
      [
        0.011292568473357004,
        0.01901433681182185,
        -32442.28328411068,
        0.019621119316550965,
        0.009524655833349405,
        0.05026070696611745,
        0.024561101788798126,
        0.020173065922720466,
        0.01436697569671806,
        0.012093713914172808,
        0.019883325530481246,
        0.016317272560923916,
        0.010949705519728436,
        -0.0015673348100085458,
        0.013411261907564417
      ],
      [
        0.0016890223931576595,
        0.017062049792587172,
        0.019621119316550965,
        -32442.467639447135,
        0.01604529165579462,
        0.02990369894835949,
        0.0016801112561138634,
        0.02326123181932961,
        0.010587874989424949,
        0.0035218117533329526,
        0.04774506858822588,
        0.010371185772037118,
        -0.0022094989075481736,
        0.0063244619843931356,
        -0.0028108669076843513
      ],
      [
        0.016716505855308164,
        0.027753955744124988,
        0.009524655833349405,
        0.01604529165579462,
        -32442.399039808857,
        0.045017641944489366,
        0.03417314890749481,
        -0.012847612093358461,
        -0.002516498982529308,
        -0.0010114903909593659,
        0.022868634938659475,
        0.05094773924014088,
        0.032794132781511484,
        0.020920353707866945,
        0.024896122116225168
      ],
      [
        0.006722861288693712,
        0.04491820690092821,
        0.05026070696611745,
        0.02990369894835949,
        0.045017641944489366,
        -32442.141366110016,
        0.023191029145454914,
        0.036330247055693786,
        0.008884786431027273,
        0.005958452721241697,
        0.047493793283238044,
        0.041791443520913164,
        0.01192553466950833,
        0.024186265327501594,
        0.018772636670954593
      ],
      [
        0.016914526394605247,
        0.022572715179909043,
        0.024561101788798126,
        0.0016801112561138634,
        0.03417314890749481,
        0.023191029145454914,
        -32441.78425710764,
        -0.0017881311381322104,
        0.0027440441877138407,
        0.01618147293875843,
        0.0039531118628389865,
        0.016784282539349354,
        0.009452769749844039,
        0.01472380108218606,
        0.005283881613466452
      ],
      [
        0.0027129810519266537,
        -0.0030472694268180527,
        0.020173065922720466,
        0.02326123181932961,
        -0.012847612093358461,
        0.036330247055693786,
        -0.0017881311381322104,
        -32441.503990006408,
        0.006370284471216848,
        0.015287192369198227,
        0.026625359343356275,
        0.0010950576437380407,
        -0.01673928036079634,
        0.00721051224488117,
        0.019410119511750343
      ],
      [
        0.010378544602404888,
        0.005104360422715406,
        0.01436697569671806,
        0.010587874989424949,
        -0.002516498982529308,
        0.008884786431027273,
        0.0027440441877138407,
        0.006370284471216848,
        -32441.71012354343,
        -0.0021365811634743268,
        0.013485498526681964,
        0.0034533537145328436,
        -0.004375256613247533,
        0.012631150374417654,
        0.002509003914027994
      ],
      [
        -0.0014605600550915098,
        0.03450291929373413,
        0.012093713914172808,
        0.0035218117533329526,
        -0.0010114903909593659,
        0.005958452721241697,
        0.01618147293875843,
        0.015287192369198227,
        -0.0021365811634743268,
        -32441.934895948074,
        -0.004689927493170762,
        -0.011323041662172543,
        0.027470898175522215,
        0.005560805384771115,
        0.0121714264875763
      ],
      [
        -0.004543948508092978,
        0.03887482598857346,
        0.019883325530481246,
        0.04774506858822588,
        0.022868634938659475,
        0.047493793283238044,
        0.0039531118628389865,
        0.026625359343356275,
        0.013485498526681964,
        -0.004689927493170762,
        -32442.3655623171,
        0.0019816696005124125,
        0.013542817028982485,
        0.009586047285118526,
        0.03750527773069063
      ],
      [
        0.0035647612575273923,
        0.021701056087877896,
        0.016317272560923916,
        0.010371185772037118,
        0.05094773924014088,
        0.041791443520913164,
        0.016784282539349354,
        0.0010950576437380407,
        0.0034533537145328436,
        -0.011323041662172543,
        0.0019816696005124125,
        -32441.738037544892,
        0.014118215793788155,
        0.01180840922894469,
        0.003056667501266713
      ],
      [
        0.0013044845518624525,
        -0.0044996778805738635,
        0.010949705519728436,
        -0.0022094989075481736,
        0.032794132781511484,
        0.01192553466950833,
        0.009452769749844039,
        -0.01673928036079634,
        -0.004375256613247533,
        0.027470898175522215,
        0.013542817028982485,
        0.014118215793788155,
        -32441.93551521996,
        0.014868567124391045,
        0.017922247818342573
      ],
      [
        0.002608081066078362,
        -0.0023083790821497928,
        -0.0015673348100085458,
        0.0063244619843931356,
        0.020920353707866945,
        0.024186265327501594,
        0.01472380108218606,
        0.00721051224488117,
        0.012631150374417654,
        0.005560805384771115,
        0.009586047285118526,
        0.01180840922894469,
        0.014868567124391045,
        -32441.568718634277,
        0.012960706042370745
      ],
      [
        0.006334010083667576,
        0.05296060556066505,
        0.013411261907564417,
        -0.0028108669076843513,
        0.024896122116225168,
        0.018772636670954593,
        0.005283881613466452,
        0.019410119511750343,
        0.002509003914027994,
        0.0121714264875763,
        0.03750527773069063,
        0.003056667501266713,
        0.017922247818342573,
        0.012960706042370745,
        -32442.37721285283
      ]
    ]
  }
}