{
  "scenario_group": "horizon",
  "scenario_name": "Horizon_12M_Train_60M",
  "scenario": {
    "train_start": "2020-03-12",
    "train_end": "2025-03-11",
    "test_start": "2025-03-12",
    "test_end": "2026-03-11",
    "description": "Test=12M, Train=60M ending at latest date"
  },
  "symbols_full": [
    "20MICRONS",
    "21STCENMGM",
    "360ONE",
    "3MINDIA",
    "5PAISA",
    "A2ZINFRA",
    "AAKASH",
    "AARTIDRUGS",
    "AARTIIND",
    "AARTISURF",
    "AARVI",
    "ABAN",
    "ABCAPITAL",
    "ABFRL",
    "ACC",
    "ACCURACY",
    "ACE",
    "ADANIENT",
    "ADANIGREEN",
    "ADFFOODS",
    "ADL",
    "ADOR",
    "ADROITINFO",
    "ADSL",
    "AEGISLOG",
    "AGARIND",
    "AGI",
    "AGROPHOS",
    "AHLUCONT",
    "AIROLAM",
    "AJANTPHARM",
    "AKG",
    "AKSHOPTFBR",
    "AKZOINDIA",
    "ALANKIT",
    "ALBERTDAVD",
    "ALEMBICLTD",
    "ALICON",
    "ALKALI",
    "ALKEM",
    "ALKYLAMINE",
    "ALLCARGO",
    "ALLDIGI",
    "ALOKINDS",
    "AMBER",
    "AMBIKCO",
    "AMBUJACEM",
    "AMDIND",
    "AMJLAND",
    "ANANTRAJ",
    "ANDHRSUGAR",
    "ANIKINDS",
    "ANKITMETAL",
    "ANSALAPI",
    "ANTELOPUS",
    "ANUP",
    "APARINDS",
    "APCL",
    "APCOTEXIND",
    "APEX",
    "APOLLO",
    "APOLLOTYRE",
    "APOLSINHOT",
    "APTECHT",
    "ARCHIDPLY",
    "ARENTERP",
    "ARIES",
    "ARIHANTSUP",
    "ARMANFIN",
    "ARTEMISMED",
    "ARVEE",
    "ARVINDFASN",
    "ARVSMART",
    "ASAHIINDIA",
    "ASAHISONG",
    "ASAL",
    "ASALCBR",
    "ASHAPURMIN",
    "ASHIANA",
    "ASHIMASYN",
    "ASHOKLEY",
    "ASIANHOTNR",
    "ASIANTILES",
    "ASPINWALL",
    "ASTEC",
    "ASTERDM",
    "ASTRAMICRO",
    "ASTRAZEN",
    "ASTRON",
    "ATLANTAA",
    "ATULAUTO",
    "AUBANK",
    "AURIGROW",
    "AURIONPRO",
    "AUROPHARMA",
    "AURUM",
    "AUSOMENT",
    "AUTOAXLES",
    "AVANTIFEED",
    "AVTNPL",
    "AWHCL",
    "AXISBANK",
    "AYMSYNTEX",
    "BAGFILMS",
    "BAJAJ-AUTO",
    "BAJAJCON",
    "BAJAJFINSV",
    "BAJAJHIND",
    "BAJAJHLDNG",
    "BALAMINES",
    "BALKRISIND",
    "BALMLAWRIE",
    "BALPHARMA",
    "BALRAMCHIN",
    "BANARISUG",
    "BANCOINDIA",
    "BANDHANBNK",
    "BANG",
    "BANKBARODA",
    "BANKINDIA",
    "BANSWRAS",
    "BASF",
    "BASML",
    "BATAINDIA",
    "BAYERCROP",
    "BBOX",
    "BBTC",
    "BCG",
    "BCONCEPTS",
    "BEARDSELL",
    "BEDMUTHA",
    "BEL",
    "BEPL",
    "BERGEPAINT",
    "BETA",
    "BFINVEST",
    "BFUTILITIE",
    "BGRENERGY",
    "BHAGERIA",
    "BHAGYANGR",
    "BHANDARI",
    "BHARATFORG",
    "BHARTIARTL",
    "BHEL",
    "BIL",
    "BIOCON",
    "BIOFILCHEM",
    "BIRLACABLE",
    "BIRLACORPN",
    "BIRLAMONEY",
    "BIRLANU",
    "BLBLIMITED",
    "BLISSGVS",
    "BLS",
    "BLUESTARCO",
    "BOMDYEING",
    "BOROLTD",
    "BORORENEW",
    "BOSCHLTD",
    "BPCL",
    "BPL",
    "BRIGADE",
    "BRNL",
    "BROOKS",
    "BSE",
    "BSL",
    "BUTTERFLY",
    "BVCL",
    "BYKE",
    "CALSOFT",
    "CANFINHOME",
    "CANTABIL",
    "CARBORUNIV",
    "CARERATING",
    "CARYSIL",
    "CCHHL",
    "CCL",
    "CDSL",
    "CEATLTD",
    "CELEBRITY",
    "CEMPRO",
    "CENTENKA",
    "CENTRALBK",
    "CENTRUM",
    "CERA",
    "CEREBRAINT",
    "CESC",
    "CGPOWER",
    "CHALET",
    "CHEMFAB",
    "CHENNPETRO",
    "CHOLAHLDNG",
    "CIGNITITEC",
    "CINELINE",
    "CIPLA",
    "CNL",
    "COALINDIA",
    "COHANCE",
    "COLPAL",
    "COMPINFO",
    "COMPUSOFT",
    "CONFIPET",
    "CONSOFINVT",
    "CORDSCABLE",
    "CPCAP",
    "CREDITACC",
    "CREST",
    "CROMPTON",
    "CSBBANK",
    "CTE",
    "CUB",
    "CUMMINSIND",
    "CYBERMEDIA",
    "CYBERTECH",
    "CYIENT",
    "DABUR",
    "DALBHARAT",
    "DALMIASUG",
    "DAMODARIND",
    "DANGEE",
    "DBL",
    "DBREALTY",
    "DBSTOCKBRO",
    "DCM",
    "DCMNVL",
    "DCMSHRIRAM",
    "DCW",
    "DECCANCE",
    "DELTAMAGNT",
    "DENORA",
    "DGCONTENT",
    "DHAMPURSUG",
    "DHANBANK",
    "DHANUKA",
    "DHARAN",
    "DIAMONDYD",
    "DIVISLAB",
    "DIXON",
    "DLF",
    "DLINKINDIA",
    "DMART",
    "DNAMEDIA",
    "DOLATALGO",
    "DONEAR",
    "DPABHUSHAN",
    "DPSCLTD",
    "DPWIRES",
    "DREDGECORP",
    "DSSL",
    "DTIL",
    "DUCON",
    "DVL",
    "DWARKESH",
    "DYNAMATECH",
    "DYNPRO",
    "E2E",
    "ECLERX",
    "EDELWEISS",
    "EICHERMOT",
    "EIDPARRY",
    "EIFFL",
    "EIMCOELECO",
    "EKC",
    "ELECTCAST",
    "ELGIEQUIP",
    "ELGIRUBCO",
    "EMAMILTD",
    "EMAMIREAL",
    "EMBDL",
    "EMKAY",
    "EMMBI",
    "ENDURANCE",
    "ENGINERSIN",
    "EPL",
    "EQUITASBNK",
    "ESABINDIA",
    "ESCORTS",
    "ESSARSHPNG",
    "ESTER",
    "EVERESTIND",
    "EXCEL",
    "EXIDEIND",
    "FDC",
    "FEDERALBNK",
    "FEL",
    "FELDVR",
    "FIEMIND",
    "FILATEX",
    "FINEORG",
    "FINPIPE",
    "FLEXITUFF",
    "FLFL",
    "FLUOROCHEM",
    "FMGOETZE",
    "FMNL",
    "FOCUS",
    "FORCEMOT",
    "FORTIS",
    "FOSECOIND",
    "GABRIEL",
    "GAEL",
    "GAIL",
    "GALAXYSURF",
    "GALLANTT",
    "GANDHITUBE",
    "GANECOS",
    "GANESHHOU",
    "GANGESSECU",
    "GARFIBRES",
    "GAYAHWS",
    "GENCON",
    "GENESYS",
    "GENUSPAPER",
    "GENUSPOWER",
    "GFLLIMITED",
    "GHCL",
    "GICHSGFIN",
    "GICRE",
    "GILLANDERS",
    "GINNIFILA",
    "GIPCL",
    "GKWLIMITED",
    "GLAND",
    "GLAXO",
    "GLENMARK",
    "GLFL",
    "GLOBUSSPR",
    "GMBREW",
    "GMDCLTD",
    "GMRAIRPORT",
    "GNA",
    "GNFC",
    "GOCLCORP",
    "GODFRYPHLP",
    "GODREJAGRO",
    "GODREJCP",
    "GODREJIND",
    "GOKEX",
    "GOKUL",
    "GOLDENTOBC",
    "GOLDIAM",
    "GOLDTECH",
    "GPPL",
    "GRAPHITE",
    "GREAVESCOT",
    "GREENLAM",
    "GREENPANEL",
    "GREENPOWER",
    "GRINDWELL",
    "GROBTEA",
    "GRPLTD",
    "GRSE",
    "GSFC",
    "GSPL",
    "GSS",
    "GTL",
    "GTLINFRA",
    "GTPL",
    "GUFICBIO",
    "GUJALKALI",
    "GUJGASLTD",
    "GULFOILLUB",
    "GULFPETRO",
    "GVPIL",
    "GVT&D",
    "HAL",
    "HALEOSLABS",
    "HAPPSTMNDS",
    "HATHWAY",
    "HATSUN",
    "HAVELLS",
    "HAVISHA",
    "HCC",
    "HCG",
    "HCL-INSYS",
    "HCLTECH",
    "HDFCBANK",
    "HDFCLIFE",
    "HEADSUP",
    "HEIDELBERG",
    "HEMIPROP",
    "HERANBA",
    "HERITGFOOD",
    "HEROMOTOCO",
    "HESTERBIO",
    "HEXATRADEX",
    "HGINFRA",
    "HGM",
    "HIKAL",
    "HIMATSEIDE",
    "HINDALCO",
    "HINDCOMPOS",
    "HINDCON",
    "HINDCOPPER",
    "HINDPETRO",
    "HINDUNILVR",
    "HINDWAREAP",
    "HINDZINC",
    "HITECH",
    "HITECHCORP",
    "HITECHGEAR",
    "HLEGLAS",
    "HMVL",
    "HNDFDS",
    "HOMEFIRST",
    "HONDAPOWER",
    "HPL",
    "HSCL",
    "HTMEDIA",
    "HUBTOWN",
    "HUDCO",
    "HUHTAMAKI",
    "IBULLSLTD",
    "ICICIBANK",
    "ICICIGI",
    "ICIL",
    "ICRA",
    "IDBI",
    "IDFCFIRSTB",
    "IFBAGRO",
    "IFBIND",
    "IFCI",
    "IFGLEXPOR",
    "IGL",
    "IGPL",
    "IIFL",
    "IITL",
    "IL&FSENGG",
    "IMFA",
    "IMPAL",
    "INCREDIBLE",
    "INDBANK",
    "INDIACEM",
    "INDIAMART",
    "INDIANB",
    "INDIGO",
    "INDORAMA",
    "INDOSTAR",
    "INDOTECH",
    "INDOWIND",
    "INDRAMEDCO",
    "INDTERRAIN",
    "INDUSINDBK",
    "INFOBEAN",
    "INFY",
    "INGERRAND",
    "INNOVANA",
    "INSECTICID",
    "INSPIRISYS",
    "INTELLECT",
    "INTENTECH",
    "INVENTURE",
    "IOC",
    "IRB",
    "IRCON",
    "IRISDOREME",
    "ISFT",
    "ITC",
    "ITDC",
    "ITI",
    "IVC",
    "IZMO",
    "J&KBANK",
    "JAICORPLTD",
    "JAMNAAUTO",
    "JAYAGROGN",
    "JAYBARMARU",
    "JAYNECOIND",
    "JAYSREETEA",
    "JBCHEPHARM",
    "JHS",
    "JINDALSTEL",
    "JINDRILL",
    "JINDWORLD",
    "JISLDVREQS",
    "JISLJALEQS",
    "JITFINFRA",
    "JKCEMENT",
    "JKIL",
    "JKLAKSHMI",
    "JKTYRE",
    "JMFINANCIL",
    "JOCIL",
    "JPASSOCIAT",
    "JPOLYINVST",
    "JPPOWER",
    "JTEKTINDIA",
    "JUBLFOOD",
    "JUBLPHARMA",
    "JUSTDIAL",
    "JWL",
    "JYOTISTRUC",
    "KAJARIACER",
    "KAKATCEM",
    "KANANIIND",
    "KANORICHEM",
    "KANPRPLA",
    "KARMAENG",
    "KAYA",
    "KCP",
    "KCPSUGIND",
    "KECL",
    "KEI",
    "KERNEX",
    "KEYFINSERV",
    "KHADIM",
    "KHAICHEM",
    "KHANDSE",
    "KICL",
    "KILITCH",
    "KINGFA",
    "KIOCL",
    "KIRLOSBROS",
    "KIRLOSENG",
    "KIRLOSIND",
    "KKCL",
    "KMSUGAR",
    "KNRCON",
    "KOKUYOCMLN",
    "KOLTEPATIL",
    "KOPRAN",
    "KOTARISUG",
    "KOTHARIPET",
    "KPITTECH",
    "KPRMILL",
    "KRBL",
    "KREBSBIO",
    "KRIDHANINF",
    "KRISHANA",
    "KSCL",
    "KTKBANK",
    "KUANTUM",
    "LAGNAM",
    "LALPATHLAB",
    "LAMBODHARA",
    "LASA",
    "LAURUSLABS",
    "LAXMICOT",
    "LEMONTREE",
    "LEXUS",
    "LFIC",
    "LGBBROSLTD",
    "LIBAS",
    "LIKHITHA",
    "LINCOLN",
    "LINDEINDIA",
    "LLOYDSENGG",
    "LOKESHMACH",
    "LOTUSEYE",
    "LOVABLE",
    "LPDC",
    "LT",
    "LTFOODS",
    "LTM",
    "LTTS",
    "LUMAXTECH",
    "LUXIND",
    "LYKALABS",
    "LYPSAGEMS",
    "M&M",
    "M&MFIN",
    "MAANALU",
    "MACPOWER",
    "MADHAV",
    "MADHUCON",
    "MADRASFERT",
    "MAHABANK",
    "MAHAPEXLTD",
    "MAHASTEEL",
    "MAHLOG",
    "MANAKALUCO",
    "MANAKSIA",
    "MANAKSTEEL",
    "MANALIPETC",
    "MANAPPURAM",
    "MANGLMCEM",
    "MANINFRA",
    "MANUGRAPH",
    "MARALOVER",
    "MARATHON",
    "MARINE",
    "MARKSANS",
    "MARUTI",
    "MASFIN",
    "MASTEK",
    "MATRIMONY",
    "MAWANASUG",
    "MAYURUNIQ",
    "MBLINFRA",
    "MCLEODRUSS",
    "MEP",
    "METROPOLIS",
    "MFSL",
    "MHRIL",
    "MIDHANI",
    "MINDACORP",
    "MINDTECK",
    "MIRCELECTR",
    "MIRZAINT",
    "MITTAL",
    "MMFL",
    "MMP",
    "MMTC",
    "MODIRUBBER",
    "MOHITIND",
    "MOIL",
    "MOLDTECH",
    "MORARJEE",
    "MOREPENLAB",
    "MOTHERSON",
    "MOTILALOFS",
    "MOTOGENFIN",
    "MPSLTD",
    "MRPL",
    "MSPL",
    "MSTCLTD",
    "MTNL",
    "MUKANDLTD",
    "MUKTAARTS",
    "MUNJALAU",
    "MUNJALSHOW",
    "MURUDCERA",
    "MUTHOOTCAP",
    "NAGAFERT",
    "NAGREEKEXP",
    "NAHARINDUS",
    "NAHARPOLY",
    "NATCOPHARM",
    "NATHBIOGEN",
    "NATIONALUM",
    "NAVINFLUOR",
    "NAVNETEDUL",
    "NBCC",
    "NBIFIN",
    "NDLVENTURE",
    "NDRAUTO",
    "NDTV",
    "NECLIFE",
    "NELCAST",
    "NELCO",
    "NESCO",
    "NETWORK18",
    "NEULANDLAB",
    "NEWGEN",
    "NFL",
    "NH",
    "NHPC",
    "NIACL",
    "NIBL",
    "NIITLTD",
    "NILASPACES",
    "NILKAMAL",
    "NITCO",
    "NITIRAJ",
    "NKIND",
    "NLCINDIA",
    "NOCIL",
    "NOIDATOLL",
    "NORBTEAEXP",
    "NRAIL",
    "NRBBEARING",
    "NURECA",
    "OAL",
    "OBEROIRLTY",
    "OFSS",
    "OIL",
    "OILCOUNTUB",
    "OLECTRA",
    "OMAXE",
    "OMINFRAL",
    "ONELIFECAP",
    "ONEPOINT",
    "ONMOBILE",
    "ORICONENT",
    "ORIENTALTL",
    "ORIENTCEM",
    "ORIENTCER",
    "ORIENTELEC",
    "ORIENTHOT",
    "ORIENTPPR",
    "ORISSAMINE",
    "OSWALAGRO",
    "OSWALGREEN",
    "PAGEIND",
    "PAISALO",
    "PALASHSECU",
    "PALREDTEC",
    "PANACHE",
    "PANAMAPET",
    "PAR",
    "PARACABLES",
    "PARAGMILK",
    "PARSVNATH",
    "PATANJALI",
    "PATINTLOG",
    "PCBL",
    "PDMJEPAPER",
    "PDSL",
    "PEARLPOLY",
    "PENIND",
    "PENINLAND",
    "PETRONET",
    "PFC",
    "PFIZER",
    "PFS",
    "PGHL",
    "PGIL",
    "PIDILITIND",
    "PIIND",
    "PILANIINVS",
    "PILITA",
    "PIONEEREMB",
    "PITTIENG",
    "PKTEA",
    "PLASTIBLEN",
    "PNB",
    "PNBGILTS",
    "PNBHOUSING",
    "PNCINFRA",
    "PODDARMENT",
    "POKARNA",
    "POLYCAB",
    "POLYMED",
    "POLYPLEX",
    "PONNIERODE",
    "POONAWALLA",
    "POWERGRID",
    "POWERINDIA",
    "POWERMECH",
    "PPAP",
    "PPL",
    "PRAENG",
    "PRAKASH",
    "PRAKASHSTL",
    "PRECAM",
    "PRECWIRE",
    "PREMIER",
    "PRESTIGE",
    "PRINCEPIPE",
    "PRIVISCL",
    "PSPPROJECT",
    "PTC",
    "PTL",
    "PUNJABCHEM",
    "PVRINOX",
    "QUESS",
    "QUICKHEAL",
    "RADICO",
    "RADIOCITY",
    "RAILTEL",
    "RAIN",
    "RAJESHEXPO",
    "RAJMET",
    "RAJRATAN",
    "RAJSREESUG",
    "RAJTV",
    "RALLIS",
    "RAMANEWS",
    "RAMASTEEL",
    "RAMCOCEM",
    "RAMCOSYS",
    "RAMKY",
    "RANASUG",
    "RATNAMANI",
    "RAYMOND",
    "RBLBANK",
    "RCF",
    "RCOM",
    "RECLTD",
    "REDINGTON",
    "RELAXO",
    "RELIANCE",
    "RENUKA",
    "REPL",
    "REPRO",
    "RGL",
    "RHFL",
    "RICOAUTO",
    "RIIL",
    "RITES",
    "RKDL",
    "RKEC",
    "RKFORGE",
    "ROHLTD",
    "ROLLT",
    "ROML",
    "ROSSELLIND",
    "ROUTE",
    "RPGLIFE",
    "RPOWER",
    "RPPINFRA",
    "RPSGVENT",
    "RSSOFTWARE",
    "RSWM",
    "RSYSTEMS",
    "RTNINDIA",
    "RUBYMILLS",
    "RUCHINFRA",
    "RUCHIRA",
    "RUPA",
    "RVHL",
    "RVNL",
    "SABEVENTS",
    "SADBHAV",
    "SAFARI",
    "SAGARDEEP",
    "SAIL",
    "SAKAR",
    "SAKHTISUG",
    "SAKSOFT",
    "SAKUMA",
    "SALASAR",
    "SALONA",
    "SALSTEEL",
    "SAMBHAAV",
    "SAMMAANCAP",
    "SANCO",
    "SANDESH",
    "SANGAMIND",
    "SANGINITA",
    "SARDAEN",
    "SARVESHWAR",
    "SASKEN",
    "SASTASUNDR",
    "SATIA",
    "SATIN",
    "SBICARD",
    "SBILIFE",
    "SCHAEFFLER",
    "SCHAND",
    "SCI",
    "SEAMECLTD",
    "SEMAC",
    "SEPC",
    "SESHAPAPER",
    "SETCO",
    "SETUINFRA",
    "SFL",
    "SGL",
    "SHAH",
    "SHAKTIPUMP",
    "SHALBY",
    "SHALPAINTS",
    "SHANKARA",
    "SHARDAMOTR",
    "SHILPAMED",
    "SHIVAMAUTO",
    "SHIVATEX",
    "SHK",
    "SHOPERSTOP",
    "SHREECEM",
    "SHREEPUSHK",
    "SHREERAMA",
    "SHRENIK",
    "SHREYANIND",
    "SHRIPISTON",
    "SHYAMCENT",
    "SIEMENS",
    "SIGMAADV",
    "SIL",
    "SILLYMONKS",
    "SIMBHALS",
    "SIMPLEXINF",
    "SINTERCOM",
    "SIRCA",
    "SITINET",
    "SIYSIL",
    "SJVN",
    "SKFINDIA",
    "SKIPPER",
    "SMCGLOBAL",
    "SMSPHARMA",
    "SNOWMAN",
    "SOBHA",
    "SOFTTECH",
    "SOLARA",
    "SOLARINDS",
    "SOMANYCERA",
    "SOMATEX",
    "SOMICONVEY",
    "SONATSOFTW",
    "SOTL",
    "SOUTHBANK",
    "SOUTHWEST",
    "SPAL",
    "SPANDANA",
    "SPARC",
    "SPECIALITY",
    "SPENCERS",
    "SPIC",
    "SPLIL",
    "SPMLINFRA",
    "SREEL",
    "SRF",
    "SRHHYPOLTD",
    "SSWL",
    "STAR",
    "STARCEMENT",
    "STEELXIND",
    "STEL",
    "STERTOOLS",
    "STLTECH",
    "STOVEKRAFT",
    "STYRENIX",
    "SUBEXLTD",
    "SUBROS",
    "SUMICHEM",
    "SUMIT",
    "SUNDARAM",
    "SUNDARMFIN",
    "SUNDRMBRAK",
    "SUNDRMFAST",
    "SUNDROP",
    "SUNFLAG",
    "SUNPHARMA",
    "SUNTV",
    "SUPERHOUSE",
    "SUPERSPIN",
    "SUPRAJIT",
    "SUPREMEIND",
    "SUPREMEINF",
    "SURANASOL",
    "SURYALAXMI",
    "SURYAROSNI",
    "SUZLON",
    "SWARAJENG",
    "SWELECTES",
    "SWSOLAR",
    "SYNGENE",
    "TAINWALCHM",
    "TAJGVK",
    "TAKE",
    "TANLA",
    "TARC",
    "TARIL",
    "TASTYBITE",
    "TATACHEM",
    "TATACOMM",
    "TATACONSUM",
    "TATAELXSI",
    "TCI",
    "TCIEXP",
    "TCPLPACK",
    "TCS",
    "TEAMGTY",
    "TECHNOE",
    "TEMBO",
    "TEXINFRA",
    "TEXMOPIPES",
    "TFL",
    "TGBHOTELS",
    "THANGAMAYL",
    "THEINVEST",
    "THEJO",
    "THERMAX",
    "THOMASCOTT",
    "TI",
    "TIIL",
    "TIJARIA",
    "TIL",
    "TIMKEN",
    "TIPSMUSIC",
    "TIRUMALCHM",
    "TIRUPATIFL",
    "TITAN",
    "TMPV",
    "TNPETRO",
    "TNTELE",
    "TOKYOPLAST",
    "TORNTPHARM",
    "TOTAL",
    "TPLPLASTEH",
    "TRANSWORLD",
    "TREEHOUSE",
    "TREJHARA",
    "TRF",
    "TRIDENT",
    "TRIGYN",
    "TRIVENI",
    "TSFINV",
    "TTKHLTCARE",
    "TTKPRESTIG",
    "TTML",
    "TVSELECT",
    "TVSMOTOR",
    "TVTODAY",
    "TVVISION",
    "UBL",
    "UCOBANK",
    "UFLEX",
    "UFO",
    "UGARSUGAR",
    "UJJIVANSFB",
    "ULTRACEMCO",
    "UMESLTD",
    "UMIYA-MRO",
    "UNICHEMLAB",
    "UNIDT",
    "UNIENTER",
    "UNIINFO",
    "UNIONBANK",
    "UNITECH",
    "UNITEDTEA",
    "UNIVPHOTO",
    "UNOMINDA",
    "UPL",
    "URJA",
    "UTIAMC",
    "UTTAMSUGAR",
    "V2RETAIL",
    "VAIBHAVGBL",
    "VAKRANGEE",
    "VALIANTORG",
    "VARDHACRLC",
    "VARROC",
    "VASCONEQ",
    "VASWANI",
    "VEEDOL",
    "VENKEYS",
    "VENUSREM",
    "VETO",
    "VGL",
    "VGUARD",
    "VIJIFIN",
    "VIKASLIFE",
    "VIMTALABS",
    "VINATIORGA",
    "VINDHYATEL",
    "VINYLINDIA",
    "VIPIND",
    "VIPULLTD",
    "VISAKAIND",
    "VISHWARAJ",
    "VIYASH",
    "VLSFINANCE",
    "VRLLOG",
    "VSSL",
    "VSTIND",
    "VSTTILLERS",
    "WABAG",
    "WALCHANNAG",
    "WEALTH",
    "WEIZMANIND",
    "WELCORP",
    "WELINV",
    "WELSPUNLIV",
    "WENDT",
    "WESTLIFE",
    "WHEELS",
    "WHIRLPOOL",
    "WILLAMAGOR",
    "WINDMACHIN",
    "WIPL",
    "WOCKPHARMA",
    "WONDERLA",
    "WORTHPERI",
    "WSTCSTPAPR",
    "XCHANGING",
    "XELPMOC",
    "XPROINDIA",
    "YESBANK",
    "ZEEL",
    "ZEELEARN",
    "ZEEMEDIA",
    "ZENITHSTL",
    "ZENSARTECH",
    "ZENTEC",
    "ZFCVINDIA",
    "ZODIACLOTH",
    "ZOTA",
    "ZUARI",
    "ZUARIIND",
    "ZYDUSLIFE"
  ],
  "selected_stocks": [
    "CGPOWER",
    "E2E",
    "JPOLYINVST",
    "THOMASCOTT",
    "TIPSMUSIC",
    "SUNPHARMA",
    "WEALTH",
    "XPROINDIA"
  ],
  "selected_indices": [
    187,
    255,
    484,
    955,
    961,
    914,
    1041,
    1059
  ],
  "matrices": {
    "covariance_selected": [
      [
        0.18814175738774327,
        -0.004793211919418164,
        0.014471972070826185,
        0.008715615715329238,
        0.025275142551095687,
        0.015266868417366656,
        0.00822034881685188,
        0.023762769100008116
      ],
      [
        -0.004793211919418164,
        0.2980353148905834,
        0.013169303796651216,
        0.020034051812626085,
        0.01994245619465218,
        0.000568683789092963,
        0.006535894053782654,
        0.02261670449528698
      ],
      [
        0.014471972070826185,
        0.013169303796651216,
        0.2821787632841478,
        0.018348939588863654,
        0.027859510801310657,
        0.002527700660271258,
        0.00556462735091664,
        0.036432198618686074
      ],
      [
        0.008715615715329238,
        0.020034051812626085,
        0.018348939588863654,
        0.2478141057196325,
        0.011996169267813942,
        0.0010846629577352719,
        0.0012432168310135155,
        0.017397515917955877
      ],
      [
        0.025275142551095687,
        0.01994245619465218,
        0.027859510801310657,
        0.011996169267813942,
        0.2754726839464922,
        0.01191510862945749,
        -0.0007128278060096214,
        0.028384100410700726
      ],
      [
        0.015266868417366656,
        0.000568683789092963,
        0.002527700660271258,
        0.0010846629577352719,
        0.01191510862945749,
        0.06293116725806835,
        0.0004119292915866494,
        0.010322432133312253
      ],
      [
        0.00822034881685188,
        0.006535894053782654,
        0.00556462735091664,
        0.0012432168310135155,
        -0.0007128278060096214,
        0.0004119292915866494,
        0.28650117331471603,
        0.00014886783072277682
      ],
      [
        0.023762769100008116,
        0.02261670449528698,
        0.036432198618686074,
        0.017397515917955877,
        0.028384100410700726,
        0.010322432133312253,
        0.00014886783072277682,
        0.3117512439851318
      ]
    ],
    "qubo_selected": [
      [
        -20869.303014667425,
        0.025546842829671283,
        0.03376822319871655,
        0.07730092853372443,
        0.04327664308232688,
        0.005889235316867064,
        0.020118811016026916,
        -0.005963461772267462
      ],
      [
        0.025546842829671283,
        -20869.630598091295,
        0.010533964128716199,
        0.06320939830095544,
        0.02894394414165237,
        0.029111134992259573,
        0.016243435612795492,
        0.01644069763370376
      ],
      [
        0.03376822319871655,
        0.010533964128716199,
        -20869.236277223503,
        0.048780871091848456,
        0.03448631876342417,
        0.0024809848910048037,
        0.002399651474279781,
        0.02653645637694956
      ],
      [
        0.07730092853372443,
        0.06320939830095544,
        0.048780871091848456,
        -20869.477388502368,
        0.07084743937740298,
        0.021444630712626738,
        0.018284905262855273,
        0.009173131180131622
      ],
      [
        0.04327664308232688,
        0.02894394414165237,
        0.03448631876342417,
        0.07084743937740298,
        -20869.433886658346,
        0.019199019623798417,
        0.010377538874285977,
        0.01112925470183328
      ],
      [
        0.005889235316867064,
        0.029111134992259573,
        0.0024809848910048037,
        0.021444630712626738,
        0.019199019623798417,
        -20869.024600520443,
        0.007941219963417871,
        0.0015096883744713512
      ],
      [
        0.020118811016026916,
        0.016243435612795492,
        0.002399651474279781,
        0.018284905262855273,
        0.010377538874285977,
        0.007941219963417871,
        -20869.137556381567,
        -0.00286827891670468
      ],
      [
        -0.005963461772267462,
        0.01644069763370376,
        0.02653645637694956,
        0.009173131180131622,
        0.01112925470183328,
        0.0015096883744713512,
        -0.00286827891670468,
        -20869.033850877116
      ]
    ]
  }
}