{
  "scenario_group": "horizon",
  "scenario_name": "Horizon_36M_Train_36M",
  "scenario": {
    "train_start": "2020-03-12",
    "train_end": "2023-03-11",
    "test_start": "2023-03-12",
    "test_end": "2026-03-11",
    "description": "Test=36M, Train=36M ending at latest date"
  },
  "symbols_full": [
    "20MICRONS",
    "21STCENMGM",
    "360ONE",
    "3MINDIA",
    "5PAISA",
    "A2ZINFRA",
    "AAKASH",
    "AARTIDRUGS",
    "AARTIIND",
    "AARTISURF",
    "AARVI",
    "ABAN",
    "ABCAPITAL",
    "ABFRL",
    "ACC",
    "ACE",
    "ADANIENT",
    "ADANIGREEN",
    "ADFFOODS",
    "ADL",
    "ADOR",
    "ADROITINFO",
    "ADSL",
    "AEGISLOG",
    "AGARIND",
    "AGI",
    "AGROPHOS",
    "AHLUCONT",
    "AJANTPHARM",
    "AKG",
    "AKSHOPTFBR",
    "AKZOINDIA",
    "ALANKIT",
    "ALBERTDAVD",
    "ALEMBICLTD",
    "ALICON",
    "ALKALI",
    "ALKEM",
    "ALKYLAMINE",
    "ALLCARGO",
    "ALLDIGI",
    "ALOKINDS",
    "AMBER",
    "AMBIKCO",
    "AMBUJACEM",
    "AMDIND",
    "AMJLAND",
    "ANANTRAJ",
    "ANDHRSUGAR",
    "ANIKINDS",
    "ANKITMETAL",
    "ANSALAPI",
    "ANTELOPUS",
    "ANUP",
    "APARINDS",
    "APCL",
    "APCOTEXIND",
    "APEX",
    "APOLLO",
    "APOLLOTYRE",
    "APOLSINHOT",
    "APTECHT",
    "ARCHIDPLY",
    "ARENTERP",
    "ARIES",
    "ARIHANTSUP",
    "ARMANFIN",
    "ARTEMISMED",
    "ARVINDFASN",
    "ARVSMART",
    "ASAHIINDIA",
    "ASAHISONG",
    "ASAL",
    "ASALCBR",
    "ASHAPURMIN",
    "ASHIANA",
    "ASHIMASYN",
    "ASHOKLEY",
    "ASIANHOTNR",
    "ASIANTILES",
    "ASPINWALL",
    "ASTEC",
    "ASTERDM",
    "ASTRAMICRO",
    "ASTRAZEN",
    "ASTRON",
    "ATLANTAA",
    "ATULAUTO",
    "AUBANK",
    "AURIONPRO",
    "AUROPHARMA",
    "AURUM",
    "AUSOMENT",
    "AUTOAXLES",
    "AVANTIFEED",
    "AVTNPL",
    "AXISBANK",
    "AYMSYNTEX",
    "BAGFILMS",
    "BAJAJ-AUTO",
    "BAJAJCON",
    "BAJAJFINSV",
    "BAJAJHIND",
    "BAJAJHLDNG",
    "BALAMINES",
    "BALKRISIND",
    "BALMLAWRIE",
    "BALPHARMA",
    "BALRAMCHIN",
    "BANARISUG",
    "BANCOINDIA",
    "BANDHANBNK",
    "BANG",
    "BANKBARODA",
    "BANKINDIA",
    "BANSWRAS",
    "BASF",
    "BASML",
    "BATAINDIA",
    "BAYERCROP",
    "BBOX",
    "BBTC",
    "BCG",
    "BEARDSELL",
    "BEDMUTHA",
    "BEL",
    "BEPL",
    "BERGEPAINT",
    "BETA",
    "BFINVEST",
    "BFUTILITIE",
    "BGRENERGY",
    "BHAGERIA",
    "BHAGYANGR",
    "BHANDARI",
    "BHARATFORG",
    "BHARTIARTL",
    "BHEL",
    "BIL",
    "BIOCON",
    "BIOFILCHEM",
    "BIRLACABLE",
    "BIRLACORPN",
    "BIRLAMONEY",
    "BIRLANU",
    "BLBLIMITED",
    "BLISSGVS",
    "BLS",
    "BLUESTARCO",
    "BOMDYEING",
    "BOROLTD",
    "BORORENEW",
    "BOSCHLTD",
    "BPCL",
    "BPL",
    "BRIGADE",
    "BRNL",
    "BROOKS",
    "BSE",
    "BSL",
    "BUTTERFLY",
    "BVCL",
    "BYKE",
    "CALSOFT",
    "CANFINHOME",
    "CANTABIL",
    "CARBORUNIV",
    "CARERATING",
    "CCHHL",
    "CCL",
    "CDSL",
    "CEATLTD",
    "CELEBRITY",
    "CEMPRO",
    "CENTENKA",
    "CENTRALBK",
    "CENTRUM",
    "CERA",
    "CEREBRAINT",
    "CESC",
    "CGPOWER",
    "CHALET",
    "CHEMFAB",
    "CHENNPETRO",
    "CHOLAHLDNG",
    "CIGNITITEC",
    "CINELINE",
    "CIPLA",
    "CNL",
    "COALINDIA",
    "COHANCE",
    "COLPAL",
    "COMPINFO",
    "COMPUSOFT",
    "CONFIPET",
    "CONSOFINVT",
    "CORDSCABLE",
    "CPCAP",
    "CREDITACC",
    "CREST",
    "CROMPTON",
    "CSBBANK",
    "CTE",
    "CUB",
    "CUMMINSIND",
    "CYBERTECH",
    "CYIENT",
    "DABUR",
    "DALBHARAT",
    "DALMIASUG",
    "DAMODARIND",
    "DBL",
    "DBREALTY",
    "DBSTOCKBRO",
    "DCM",
    "DCMNVL",
    "DCMSHRIRAM",
    "DCW",
    "DECCANCE",
    "DELTAMAGNT",
    "DENORA",
    "DGCONTENT",
    "DHAMPURSUG",
    "DHANBANK",
    "DHANUKA",
    "DHARAN",
    "DIAMONDYD",
    "DIVISLAB",
    "DIXON",
    "DLF",
    "DLINKINDIA",
    "DMART",
    "DNAMEDIA",
    "DOLATALGO",
    "DONEAR",
    "DPABHUSHAN",
    "DPSCLTD",
    "DPWIRES",
    "DREDGECORP",
    "DSSL",
    "DTIL",
    "DUCON",
    "DVL",
    "DWARKESH",
    "DYNAMATECH",
    "DYNPRO",
    "E2E",
    "ECLERX",
    "EDELWEISS",
    "EICHERMOT",
    "EIDPARRY",
    "EIFFL",
    "EIMCOELECO",
    "EKC",
    "ELECTCAST",
    "ELGIEQUIP",
    "ELGIRUBCO",
    "EMAMILTD",
    "EMAMIREAL",
    "EMBDL",
    "EMKAY",
    "EMMBI",
    "ENDURANCE",
    "ENGINERSIN",
    "EPL",
    "ESABINDIA",
    "ESCORTS",
    "ESSARSHPNG",
    "ESTER",
    "EVERESTIND",
    "EXCEL",
    "EXIDEIND",
    "FDC",
    "FEDERALBNK",
    "FEL",
    "FELDVR",
    "FIEMIND",
    "FILATEX",
    "FINEORG",
    "FINPIPE",
    "FLEXITUFF",
    "FLFL",
    "FLUOROCHEM",
    "FMGOETZE",
    "FMNL",
    "FORCEMOT",
    "FORTIS",
    "FOSECOIND",
    "GABRIEL",
    "GAEL",
    "GAIL",
    "GALAXYSURF",
    "GALLANTT",
    "GANDHITUBE",
    "GANECOS",
    "GANESHHOU",
    "GANGESSECU",
    "GARFIBRES",
    "GAYAHWS",
    "GENESYS",
    "GENUSPAPER",
    "GENUSPOWER",
    "GFLLIMITED",
    "GHCL",
    "GICHSGFIN",
    "GICRE",
    "GILLANDERS",
    "GINNIFILA",
    "GIPCL",
    "GKWLIMITED",
    "GLAXO",
    "GLENMARK",
    "GLFL",
    "GLOBUSSPR",
    "GMBREW",
    "GMDCLTD",
    "GMRAIRPORT",
    "GNA",
    "GNFC",
    "GOCLCORP",
    "GODFRYPHLP",
    "GODREJAGRO",
    "GODREJCP",
    "GODREJIND",
    "GOKEX",
    "GOKUL",
    "GOLDENTOBC",
    "GOLDIAM",
    "GOLDTECH",
    "GPPL",
    "GRAPHITE",
    "GREAVESCOT",
    "GREENLAM",
    "GREENPANEL",
    "GREENPOWER",
    "GRINDWELL",
    "GROBTEA",
    "GRPLTD",
    "GRSE",
    "GSFC",
    "GSPL",
    "GSS",
    "GTL",
    "GTLINFRA",
    "GTPL",
    "GUFICBIO",
    "GUJALKALI",
    "GUJGASLTD",
    "GULFOILLUB",
    "GULFPETRO",
    "GVPIL",
    "GVT&D",
    "HAL",
    "HALEOSLABS",
    "HAPPSTMNDS",
    "HATHWAY",
    "HATSUN",
    "HAVELLS",
    "HAVISHA",
    "HCC",
    "HCG",
    "HCL-INSYS",
    "HCLTECH",
    "HDFCBANK",
    "HDFCLIFE",
    "HEADSUP",
    "HEIDELBERG",
    "HERITGFOOD",
    "HEROMOTOCO",
    "HESTERBIO",
    "HEXATRADEX",
    "HGINFRA",
    "HGM",
    "HIKAL",
    "HIMATSEIDE",
    "HINDALCO",
    "HINDCOMPOS",
    "HINDCOPPER",
    "HINDPETRO",
    "HINDUNILVR",
    "HINDWAREAP",
    "HINDZINC",
    "HITECH",
    "HITECHCORP",
    "HITECHGEAR",
    "HMVL",
    "HNDFDS",
    "HONDAPOWER",
    "HPL",
    "HSCL",
    "HTMEDIA",
    "HUBTOWN",
    "HUDCO",
    "HUHTAMAKI",
    "IBULLSLTD",
    "ICICIBANK",
    "ICICIGI",
    "ICIL",
    "ICRA",
    "IDBI",
    "IDFCFIRSTB",
    "IFBAGRO",
    "IFBIND",
    "IFCI",
    "IFGLEXPOR",
    "IGL",
    "IGPL",
    "IIFL",
    "IITL",
    "IL&FSENGG",
    "IMFA",
    "IMPAL",
    "INCREDIBLE",
    "INDBANK",
    "INDIACEM",
    "INDIAMART",
    "INDIANB",
    "INDIGO",
    "INDORAMA",
    "INDOSTAR",
    "INDOTECH",
    "INDOWIND",
    "INDRAMEDCO",
    "INDTERRAIN",
    "INDUSINDBK",
    "INFOBEAN",
    "INFY",
    "INGERRAND",
    "INSECTICID",
    "INSPIRISYS",
    "INTELLECT",
    "INTENTECH",
    "INVENTURE",
    "IOC",
    "IRB",
    "IRCON",
    "ISFT",
    "ITC",
    "ITDC",
    "ITI",
    "IVC",
    "IZMO",
    "J&KBANK",
    "JAICORPLTD",
    "JAMNAAUTO",
    "JAYAGROGN",
    "JAYBARMARU",
    "JAYNECOIND",
    "JAYSREETEA",
    "JBCHEPHARM",
    "JHS",
    "JINDALSTEL",
    "JINDRILL",
    "JINDWORLD",
    "JISLDVREQS",
    "JISLJALEQS",
    "JITFINFRA",
    "JKCEMENT",
    "JKIL",
    "JKLAKSHMI",
    "JKTYRE",
    "JMFINANCIL",
    "JOCIL",
    "JPASSOCIAT",
    "JPOLYINVST",
    "JPPOWER",
    "JTEKTINDIA",
    "JUBLFOOD",
    "JUBLPHARMA",
    "JUSTDIAL",
    "JWL",
    "JYOTISTRUC",
    "KAJARIACER",
    "KAKATCEM",
    "KANANIIND",
    "KANORICHEM",
    "KARMAENG",
    "KAYA",
    "KCP",
    "KCPSUGIND",
    "KECL",
    "KEI",
    "KERNEX",
    "KEYFINSERV",
    "KHADIM",
    "KHANDSE",
    "KICL",
    "KILITCH",
    "KINGFA",
    "KIOCL",
    "KIRLOSBROS",
    "KIRLOSENG",
    "KIRLOSIND",
    "KKCL",
    "KMSUGAR",
    "KNRCON",
    "KOKUYOCMLN",
    "KOLTEPATIL",
    "KOPRAN",
    "KOTARISUG",
    "KOTHARIPET",
    "KPITTECH",
    "KPRMILL",
    "KRBL",
    "KREBSBIO",
    "KRIDHANINF",
    "KRISHANA",
    "KSCL",
    "KTKBANK",
    "KUANTUM",
    "LAKPRE",
    "LALPATHLAB",
    "LAMBODHARA",
    "LASA",
    "LAURUSLABS",
    "LEMONTREE",
    "LFIC",
    "LGBBROSLTD",
    "LIBAS",
    "LIKHITHA",
    "LINCOLN",
    "LINDEINDIA",
    "LLOYDSENGG",
    "LOKESHMACH",
    "LOTUSEYE",
    "LOVABLE",
    "LPDC",
    "LT",
    "LTFOODS",
    "LTM",
    "LTTS",
    "LUMAXTECH",
    "LUXIND",
    "LYKALABS",
    "LYPSAGEMS",
    "M&M",
    "M&MFIN",
    "MAANALU",
    "MACPOWER",
    "MADHAV",
    "MADHUCON",
    "MADRASFERT",
    "MAHABANK",
    "MAHAPEXLTD",
    "MAHASTEEL",
    "MAHLOG",
    "MANAKALUCO",
    "MANAKSIA",
    "MANAKSTEEL",
    "MANALIPETC",
    "MANAPPURAM",
    "MANGLMCEM",
    "MANINFRA",
    "MANUGRAPH",
    "MARALOVER",
    "MARATHON",
    "MARKSANS",
    "MARUTI",
    "MASFIN",
    "MASKINVEST",
    "MASTEK",
    "MATRIMONY",
    "MAWANASUG",
    "MAYURUNIQ",
    "MBLINFRA",
    "MCLEODRUSS",
    "MEP",
    "METROPOLIS",
    "MFSL",
    "MHRIL",
    "MIDHANI",
    "MINDACORP",
    "MINDTECK",
    "MIRCELECTR",
    "MIRZAINT",
    "MITTAL",
    "MMFL",
    "MMP",
    "MMTC",
    "MODIRUBBER",
    "MOHITIND",
    "MOIL",
    "MOLDTECH",
    "MORARJEE",
    "MOREPENLAB",
    "MOTHERSON",
    "MOTILALOFS",
    "MOTOGENFIN",
    "MPSLTD",
    "MRPL",
    "MSPL",
    "MSTCLTD",
    "MTNL",
    "MUKANDLTD",
    "MUKTAARTS",
    "MUNJALAU",
    "MUNJALSHOW",
    "MURUDCERA",
    "MUTHOOTCAP",
    "NAGAFERT",
    "NAGREEKEXP",
    "NAHARINDUS",
    "NAHARPOLY",
    "NATCOPHARM",
    "NATHBIOGEN",
    "NATIONALUM",
    "NAVINFLUOR",
    "NAVNETEDUL",
    "NBCC",
    "NBIFIN",
    "NDLVENTURE",
    "NDRAUTO",
    "NDTV",
    "NECLIFE",
    "NELCAST",
    "NELCO",
    "NESCO",
    "NETWORK18",
    "NEULANDLAB",
    "NEWGEN",
    "NFL",
    "NH",
    "NHPC",
    "NIACL",
    "NIBL",
    "NIITLTD",
    "NILASPACES",
    "NILKAMAL",
    "NITCO",
    "NKIND",
    "NLCINDIA",
    "NOCIL",
    "NOIDATOLL",
    "NORBTEAEXP",
    "NRAIL",
    "NRBBEARING",
    "OAL",
    "OBEROIRLTY",
    "OFSS",
    "OIL",
    "OILCOUNTUB",
    "OLECTRA",
    "OMAXE",
    "OMINFRAL",
    "ONELIFECAP",
    "ONEPOINT",
    "ONMOBILE",
    "ORICONENT",
    "ORIENTALTL",
    "ORIENTCEM",
    "ORIENTCER",
    "ORIENTELEC",
    "ORIENTHOT",
    "ORIENTPPR",
    "ORISSAMINE",
    "OSWALAGRO",
    "OSWALGREEN",
    "PAGEIND",
    "PAISALO",
    "PALASHSECU",
    "PALREDTEC",
    "PANACHE",
    "PANAMAPET",
    "PAR",
    "PARACABLES",
    "PARAGMILK",
    "PARSVNATH",
    "PATANJALI",
    "PATINTLOG",
    "PCBL",
    "PDMJEPAPER",
    "PDSL",
    "PEARLPOLY",
    "PENIND",
    "PENINLAND",
    "PETRONET",
    "PFC",
    "PFIZER",
    "PFS",
    "PGHL",
    "PGIL",
    "PIDILITIND",
    "PIIND",
    "PILANIINVS",
    "PILITA",
    "PIONEEREMB",
    "PITTIENG",
    "PKTEA",
    "PLASTIBLEN",
    "PNB",
    "PNBGILTS",
    "PNBHOUSING",
    "PNCINFRA",
    "PODDARMENT",
    "POKARNA",
    "POLYCAB",
    "POLYMED",
    "POLYPLEX",
    "PONNIERODE",
    "POONAWALLA",
    "POWERGRID",
    "POWERINDIA",
    "POWERMECH",
    "PPAP",
    "PPL",
    "PRAENG",
    "PRAKASH",
    "PRAKASHSTL",
    "PRECAM",
    "PRECWIRE",
    "PREMIER",
    "PRESTIGE",
    "PRINCEPIPE",
    "PRIVISCL",
    "PSPPROJECT",
    "PTC",
    "PTL",
    "PUNJABCHEM",
    "PVRINOX",
    "QUESS",
    "QUICKHEAL",
    "RADAAN",
    "RADICO",
    "RADIOCITY",
    "RAIN",
    "RAJESHEXPO",
    "RAJRATAN",
    "RAJSREESUG",
    "RAJTV",
    "RALLIS",
    "RAMANEWS",
    "RAMASTEEL",
    "RAMCOCEM",
    "RAMCOSYS",
    "RAMKY",
    "RANASUG",
    "RATNAMANI",
    "RAYMOND",
    "RBLBANK",
    "RCF",
    "RCOM",
    "RECLTD",
    "REDINGTON",
    "RELAXO",
    "RELIANCE",
    "RENUKA",
    "REPL",
    "REPRO",
    "RGL",
    "RHFL",
    "RICOAUTO",
    "RIIL",
    "RITES",
    "RKDL",
    "RKEC",
    "RKFORGE",
    "ROHLTD",
    "ROLLT",
    "ROSSELLIND",
    "ROUTE",
    "RPGLIFE",
    "RPOWER",
    "RPPINFRA",
    "RPSGVENT",
    "RSSOFTWARE",
    "RSWM",
    "RSYSTEMS",
    "RTNINDIA",
    "RUBYMILLS",
    "RUCHINFRA",
    "RUCHIRA",
    "RUPA",
    "RVNL",
    "SABEVENTS",
    "SADBHAV",
    "SAFARI",
    "SAGARDEEP",
    "SAIL",
    "SAKAR",
    "SAKHTISUG",
    "SAKSOFT",
    "SAKUMA",
    "SALASAR",
    "SALONA",
    "SALSTEEL",
    "SAMBHAAV",
    "SAMMAANCAP",
    "SANCO",
    "SANDESH",
    "SANGAMIND",
    "SANGINITA",
    "SARDAEN",
    "SARVESHWAR",
    "SASKEN",
    "SASTASUNDR",
    "SATIA",
    "SATIN",
    "SBICARD",
    "SBILIFE",
    "SCHAEFFLER",
    "SCHAND",
    "SCI",
    "SEAMECLTD",
    "SEMAC",
    "SEPC",
    "SESHAPAPER",
    "SETCO",
    "SETUINFRA",
    "SFL",
    "SGL",
    "SHAH",
    "SHAKTIPUMP",
    "SHALBY",
    "SHALPAINTS",
    "SHANKARA",
    "SHARDAMOTR",
    "SHILPAMED",
    "SHIVAMAUTO",
    "SHIVATEX",
    "SHK",
    "SHOPERSTOP",
    "SHREECEM",
    "SHREEPUSHK",
    "SHREERAMA",
    "SHRENIK",
    "SHREYANIND",
    "SHRIPISTON",
    "SHYAMCENT",
    "SIEMENS",
    "SIGMAADV",
    "SIL",
    "SILLYMONKS",
    "SIMBHALS",
    "SIMPLEXINF",
    "SINTERCOM",
    "SIRCA",
    "SITINET",
    "SIYSIL",
    "SJVN",
    "SKFINDIA",
    "SKIPPER",
    "SMSPHARMA",
    "SNOWMAN",
    "SOBHA",
    "SOLARA",
    "SOLARINDS",
    "SOMANYCERA",
    "SOMATEX",
    "SOMICONVEY",
    "SONATSOFTW",
    "SOTL",
    "SOUTHBANK",
    "SOUTHWEST",
    "SPAL",
    "SPANDANA",
    "SPARC",
    "SPECIALITY",
    "SPENCERS",
    "SPIC",
    "SPLIL",
    "SPMLINFRA",
    "SREEL",
    "SRF",
    "SRHHYPOLTD",
    "SSWL",
    "STAR",
    "STARCEMENT",
    "STEELXIND",
    "STEL",
    "STERTOOLS",
    "STLTECH",
    "STYRENIX",
    "SUBEXLTD",
    "SUBROS",
    "SUMICHEM",
    "SUMIT",
    "SUNDARAM",
    "SUNDARMFIN",
    "SUNDRMBRAK",
    "SUNDRMFAST",
    "SUNDROP",
    "SUNFLAG",
    "SUNPHARMA",
    "SUNTV",
    "SUPERHOUSE",
    "SUPERSPIN",
    "SUPRAJIT",
    "SUPREMEIND",
    "SURANASOL",
    "SURYALAXMI",
    "SURYAROSNI",
    "SUZLON",
    "SWARAJENG",
    "SWELECTES",
    "SWSOLAR",
    "SYNGENE",
    "TAINWALCHM",
    "TAJGVK",
    "TAKE",
    "TANLA",
    "TARIL",
    "TASTYBITE",
    "TATACHEM",
    "TATACOMM",
    "TATACONSUM",
    "TATAELXSI",
    "TCI",
    "TCIEXP",
    "TCPLPACK",
    "TCS",
    "TEAMGTY",
    "TECHNOE",
    "TEMBO",
    "TEXINFRA",
    "TEXMOPIPES",
    "TFL",
    "TGBHOTELS",
    "THANGAMAYL",
    "THEINVEST",
    "THEJO",
    "THERMAX",
    "THOMASCOTT",
    "TI",
    "TIIL",
    "TIJARIA",
    "TIL",
    "TIMKEN",
    "TIPSMUSIC",
    "TIRUMALCHM",
    "TIRUPATIFL",
    "TITAN",
    "TMPV",
    "TNPETRO",
    "TNTELE",
    "TOKYOPLAST",
    "TORNTPHARM",
    "TOTAL",
    "TPLPLASTEH",
    "TRANSWORLD",
    "TREEHOUSE",
    "TREJHARA",
    "TRF",
    "TRIDENT",
    "TRIGYN",
    "TRIVENI",
    "TSFINV",
    "TTKHLTCARE",
    "TTKPRESTIG",
    "TTML",
    "TVSELECT",
    "TVSMOTOR",
    "TVTODAY",
    "TVVISION",
    "UBL",
    "UCOBANK",
    "UFLEX",
    "UFO",
    "UGARSUGAR",
    "UJJIVANSFB",
    "ULTRACEMCO",
    "UMESLTD",
    "UMIYA-MRO",
    "UNICHEMLAB",
    "UNIDT",
    "UNIENTER",
    "UNIONBANK",
    "UNITECH",
    "UNITEDTEA",
    "UNIVPHOTO",
    "UNOMINDA",
    "UPL",
    "URJA",
    "UTIAMC",
    "UTTAMSUGAR",
    "V2RETAIL",
    "VAIBHAVGBL",
    "VAKRANGEE",
    "VALIANTORG",
    "VARDHACRLC",
    "VARROC",
    "VASCONEQ",
    "VASWANI",
    "VEEDOL",
    "VENKEYS",
    "VENUSREM",
    "VETO",
    "VGL",
    "VGUARD",
    "VIJIFIN",
    "VIKASLIFE",
    "VIMTALABS",
    "VINATIORGA",
    "VINDHYATEL",
    "VINYLINDIA",
    "VIPIND",
    "VIPULLTD",
    "VISAKAIND",
    "VISASTEEL",
    "VISHWARAJ",
    "VIYASH",
    "VLSFINANCE",
    "VRLLOG",
    "VSSL",
    "VSTIND",
    "VSTTILLERS",
    "WABAG",
    "WALCHANNAG",
    "WEIZMANIND",
    "WELCORP",
    "WELINV",
    "WELSPUNLIV",
    "WENDT",
    "WESTLIFE",
    "WHEELS",
    "WHIRLPOOL",
    "WILLAMAGOR",
    "WINDMACHIN",
    "WIPL",
    "WOCKPHARMA",
    "WONDERLA",
    "WORTHPERI",
    "WSTCSTPAPR",
    "XCHANGING",
    "XELPMOC",
    "XPROINDIA",
    "YESBANK",
    "ZEEL",
    "ZEELEARN",
    "ZEEMEDIA",
    "ZENSARTECH",
    "ZENTEC",
    "ZFCVINDIA",
    "ZODIACLOTH",
    "ZOTA",
    "ZUARI",
    "ZUARIIND",
    "ZYDUSLIFE"
  ],
  "selected_stocks": [
    "CGPOWER",
    "KERNEX",
    "RAJRATAN",
    "HEXATRADEX",
    "SOMATEX",
    "KRISHANA",
    "SABEVENTS",
    "NDTV",
    "OILCOUNTUB",
    "JPOLYINVST",
    "XPROINDIA",
    "ARIHANTSUP",
    "E2E",
    "UMESLTD",
    "LAKPRE"
  ],
  "selected_indices": [
    180,
    482,
    726,
    370,
    847,
    506,
    773,
    612,
    640,
    464,
    1024,
    65,
    246,
    960,
    510
  ],
  "matrices": {
    "covariance_selected": [
      [
        0.21794219139571952,
        0.013069911984285426,
        0.03014853546663664,
        0.019868519848721438,
        0.0015194609693387662,
        0.018144727654766487,
        0.01396352008809201,
        0.01620428737473039,
        0.012290027484457235,
        0.013904291724023961,
        0.01922546369297291,
        0.01078079095000281,
        -0.013750111416167915,
        -0.004787983523638969,
        -0.0014224563436816588
      ],
      [
        0.013069911984285426,
        0.2759813378911166,
        0.016359569382753927,
        0.022708819714679765,
        0.018070766483177837,
        0.025433320506894997,
        0.0027535512970426035,
        0.022425779405519968,
        0.014546319570900464,
        0.01924383060819518,
        0.03423035673567331,
        0.010551621736501034,
        0.01462587268268193,
        0.008422691564386926,
        0.006349105877950045
      ],
      [
        0.03014853546663664,
        0.016359569382753927,
        0.2862745353696471,
        0.020514432855958685,
        0.010653135455938698,
        0.023850992169283988,
        0.009333609357181947,
        0.0068160851862371545,
        0.016950782702741495,
        0.00892242061524234,
        0.023779830110757672,
        0.01885526881003056,
        0.004062885112331545,
        0.02176238385528705,
        -0.00104242489982582
      ],
      [
        0.019868519848721438,
        0.022708819714679765,
        0.020514432855958685,
        0.22581458423841508,
        0.009726758398437563,
        0.00642149543004812,
        0.005165363561995846,
        0.01179175913001263,
        0.001257445824856208,
        0.008766684437944013,
        0.018355303075301522,
        0.027822777541101018,
        -0.0015300807577931722,
        0.007100700905840088,
        0.015544857552652684
      ],
      [
        0.0015194609693387662,
        0.018070766483177837,
        0.010653135455938698,
        0.009726758398437563,
        0.32076118094747785,
        0.00890948790444779,
        0.012723331720394708,
        -0.0018900562510845227,
        0.0020197458736092603,
        0.018481899874020744,
        0.013709724756553179,
        0.022821339430957627,
        0.009591420509145509,
        -0.0030254756499193923,
        0.019344135571474325
      ],
      [
        0.018144727654766487,
        0.025433320506894997,
        0.023850992169283988,
        0.00642149543004812,
        0.00890948790444779,
        0.23577439835404948,
        0.002222686126991673,
        0.005678884481699711,
        0.00019479976973792472,
        0.0009262502400280128,
        0.028879750772340344,
        0.007525250333417589,
        0.005438244988116684,
        -0.008364860213413136,
        0.0025795689438370445
      ],
      [
        0.01396352008809201,
        0.0027535512970426035,
        0.009333609357181947,
        0.005165363561995846,
        0.012723331720394708,
        0.002222686126991673,
        0.29299332786570864,
        -0.007555223260724179,
        0.008995200702184425,
        0.0009994628294468855,
        -0.0021093704429943553,
        -0.0005938800668232123,
        0.004378991196995,
        -0.0026142778633911545,
        0.016173819728100454
      ],
      [
        0.01620428737473039,
        0.022425779405519968,
        0.0068160851862371545,
        0.01179175913001263,
        -0.0018900562510845227,
        0.005678884481699711,
        -0.007555223260724179,
        0.43146804017263124,
        0.0025591708468301194,
        0.011917805623568348,
        0.03271985597581123,
        -0.009576146972330125,
        0.014393621829298623,
        0.007743706571837154,
        -0.00026438411387634807
      ],
      [
        0.012290027484457235,
        0.014546319570900464,
        0.016950782702741495,
        0.001257445824856208,
        0.0020197458736092603,
        0.00019479976973792472,
        0.008995200702184425,
        0.0025591708468301194,
        0.2826751398765232,
        0.0207334069562289,
        0.013078459208425295,
        0.009888417482042899,
        0.01126330434595444,
        0.007534454180376884,
        -0.0031758993310406617
      ],
      [
        0.013904291724023961,
        0.01924383060819518,
        0.00892242061524234,
        0.008766684437944013,
        0.018481899874020744,
        0.0009262502400280128,
        0.0009994628294468855,
        0.011917805623568348,
        0.0207334069562289,
        0.3001235035157433,
        0.03579294359606296,
        0.028421148560287705,
        0.011322267505923304,
        0.020793743869962383,
        0.002800789830756333
      ],
      [
        0.01922546369297291,
        0.03423035673567331,
        0.023779830110757672,
        0.018355303075301522,
        0.013709724756553179,
        0.028879750772340344,
        -0.0021093704429943553,
        0.03271985597581123,
        0.013078459208425295,
        0.03579294359606296,
        0.3688600303397762,
        0.03484123046574976,
        0.015106648852164051,
        -0.01029742841615081,
        0.0044498210038276444
      ],
      [
        0.01078079095000281,
        0.010551621736501034,
        0.01885526881003056,
        0.027822777541101018,
        0.022821339430957627,
        0.007525250333417589,
        -0.0005938800668232123,
        -0.009576146972330125,
        0.009888417482042899,
        0.028421148560287705,
        0.03484123046574976,
        0.2972604980125881,
        0.005328591121621323,
        0.028892517599691987,
        0.012728156213938592
      ],
      [
        -0.013750111416167915,
        0.01462587268268193,
        0.004062885112331545,
        -0.0015300807577931722,
        0.009591420509145509,
        0.005438244988116684,
        0.004378991196995,
        0.014393621829298623,
        0.01126330434595444,
        0.011322267505923304,
        0.015106648852164051,
        0.005328591121621323,
        0.2949764964108723,
        0.012655614860861584,
        0.01663983767562985
      ],
      [
        -0.004787983523638969,
        0.008422691564386926,
        0.02176238385528705,
        0.007100700905840088,
        -0.0030254756499193923,
        -0.008364860213413136,
        -0.0026142778633911545,
        0.007743706571837154,
        0.007534454180376884,
        0.020793743869962383,
        -0.01029742841615081,
        0.028892517599691987,
        0.012655614860861584,
        0.3027185432977463,
        0.012159134897084244
      ],
      [
        -0.0014224563436816588,
        0.006349105877950045,
        -0.00104242489982582,
        0.015544857552652684,
        0.019344135571474325,
        0.0025795689438370445,
        0.016173819728100454,
        -0.00026438411387634807,
        -0.0031758993310406617,
        0.002800789830756333,
        0.0044498210038276444,
        0.012728156213938592,
        0.01663983767562985,
        0.012159134897084244,
        0.23662258721987867
      ]
    ],
    "qubo_selected": [
      [
        -21499.28167071291,
        0.04407582232800642,
        0.010372645455002766,
        0.05218094907639002,
        0.03171382930239665,
        0.025167116245553373,
        0.03526246023847733,
        0.01860643513161835,
        0.04537932458685316,
        0.024937672873737285,
        0.001670818437060761,
        -0.008662443314176918,
        -0.0215313948372405,
        0.004925608224231958,
        0.011169570372223745
      ],
      [
        0.04407582232800642,
        -21499.942243196063,
        0.0023144967251591793,
        0.039737039697442876,
        0.015768870125186987,
        0.01978934604246305,
        0.02613982396857085,
        0.02458005496891447,
        0.06029707093327328,
        0.039094520692352384,
        0.0030389219386775324,
        0.014113408082455349,
        0.030664821338632898,
        0.027856389004220133,
        0.02249214195493346
      ],
      [
        0.010372645455002766,
        0.0023144967251591793,
        -21498.73921668711,
        0.039663755764012494,
        -0.0184760780952125,
        -0.000536956543121049,
        0.03139119909738685,
        -0.021721604752667684,
        -0.0002441628299603122,
        -0.0027295319191228216,
        0.006505788337416555,
        -0.010319320155547013,
        0.04776312986108099,
        0.01530525745305847,
        -0.01177385462188685
      ],
      [
        0.05218094907639002,
        0.039737039697442876,
        0.039663755764012494,
        -21499.543137309112,
        -0.0019919469298450452,
        0.006868307642489639,
        0.04541763942935953,
        0.002514891649712416,
        0.04102886571191737,
        0.006132274211898935,
        0.019453516796875125,
        0.012202977615440804,
        0.02689437938316978,
        0.01217918526478817,
        0.013215832268611906
      ],
      [
        0.03171382930239665,
        0.015768870125186987,
        -0.0184760780952125,
        -0.0019919469298450452,
        -21498.757440275713,
        0.006853506098749575,
        0.019912250912327942,
        -0.00403397236368596,
        0.019922326572758654,
        0.013183464239626191,
        0.01847650746860205,
        0.006351546049245881,
        -0.0033077685846539433,
        0.03676634458046576,
        0.004182682651731243
      ],
      [
        0.025167116245553373,
        0.01978934604246305,
        -0.000536956543121049,
        0.006868307642489639,
        0.006853506098749575,
        -21498.90795393478,
        0.0334254729215794,
        0.011597377674699079,
        0.021917598815089652,
        0.02652951446115166,
        0.012323853496038107,
        0.01382267426517368,
        0.02250618523894798,
        0.030373015237906954,
        0.00017802241073877544
      ],
      [
        0.03526246023847733,
        0.02613982396857085,
        0.03139119909738685,
        0.04541763942935953,
        0.019912250912327942,
        0.0334254729215794,
        -21499.531135564495,
        0.02909263914180093,
        0.03271913876550785,
        0.036836654887651615,
        0.03614153296635567,
        0.006807832882664372,
        0.010044616534057279,
        0.008849823984523168,
        2.9707092212537203e-05
      ],
      [
        0.01860643513161835,
        0.02458005496891447,
        -0.021721604752667684,
        0.002514891649712416,
        -0.00403397236368596,
        0.011597377674699079,
        0.02909263914180093,
        -21499.04915058959,
        0.03390156540548299,
        -0.0021608307372676903,
        0.004039491747218521,
        0.02096415966652685,
        0.004996811240926896,
        -0.005282553137255557,
        0.029062152736948472
      ],
      [
        0.04537932458685316,
        0.06029707093327328,
        -0.0002441628299603122,
        0.04102886571191737,
        0.019922326572758654,
        0.021917598815089652,
        0.03271913876550785,
        0.03390156540548299,
        -21499.53527383215,
        0.03930058538920161,
        0.021306270911877395,
        0.0287522003856477,
        0.03043057230151207,
        0.03830156621909975,
        0.01950852652142854
      ],
      [
        0.024937672873737285,
        0.039094520692352384,
        -0.0027295319191228216,
        0.006132274211898935,
        0.013183464239626191,
        0.02652951446115166,
        0.036836654887651615,
        -0.0021608307372676903,
        0.03930058538920161,
        -21499.040596844057,
        0.03538478442732269,
        -0.0040220079580132965,
        0.01941864489233601,
        0.009942543575986734,
        0.007740792298687467
      ],
      [
        0.001670818437060761,
        0.0030389219386775324,
        0.006505788337416555,
        0.019453516796875125,
        0.01847650746860205,
        0.012323853496038107,
        0.03614153296635567,
        0.004039491747218521,
        0.021306270911877395,
        0.03538478442732269,
        -21499.442341627353,
        0.02241775544393639,
        0.002792831283216433,
        0.003835614490921043,
        0.0029898913622871805
      ],
      [
        -0.008662443314176918,
        0.014113408082455349,
        -0.010319320155547013,
        0.012202977615440804,
        0.006351546049245881,
        0.01382267426517368,
        0.006807832882664372,
        0.02096415966652685,
        0.0287522003856477,
        -0.0040220079580132965,
        0.02241775544393639,
        -21498.96841863595,
        0.0479254008583936,
        0.025879074118830253,
        0.012081317758988552
      ],
      [
        -0.0215313948372405,
        0.030664821338632898,
        0.04776312986108099,
        0.02689437938316978,
        -0.0033077685846539433,
        0.02250618523894798,
        0.010044616534057279,
        0.004996811240926896,
        0.03043057230151207,
        0.01941864489233601,
        0.002792831283216433,
        0.0479254008583936,
        -21499.30699575548,
        0.04306090594675585,
        -0.0039496773324425765
      ],
      [
        0.004925608224231958,
        0.027856389004220133,
        0.01530525745305847,
        0.01217918526478817,
        0.03676634458046576,
        0.030373015237906954,
        0.008849823984523168,
        -0.005282553137255557,
        0.03830156621909975,
        0.009942543575986734,
        0.003835614490921043,
        0.025879074118830253,
        0.04306090594675585,
        -21499.151251451167,
        0.0043931162953496005
      ],
      [
        0.011169570372223745,
        0.02249214195493346,
        -0.01177385462188685,
        0.013215832268611906,
        0.004182682651731243,
        0.00017802241073877544,
        2.9707092212537203e-05,
        0.029062152736948472,
        0.01950852652142854,
        0.007740792298687467,
        0.0029898913622871805,
        0.012081317758988552,
        -0.0039496773324425765,
        0.0043931162953496005,
        -21498.794499650176
      ]
    ]
  }
}