{
  "scenario_group": "horizon",
  "scenario_name": "Horizon_6M_Train_6M",
  "scenario": {
    "train_start": "2025-03-12",
    "train_end": "2025-09-11",
    "test_start": "2025-09-12",
    "test_end": "2026-03-11",
    "description": "Test=6M, Train=6M ending at latest date"
  },
  "symbols_full": [
    "20MICRONS",
    "21STCENMGM",
    "360ONE",
    "3IINFOLTD",
    "3MINDIA",
    "3PLAND",
    "5PAISA",
    "63MOONS",
    "A2ZINFRA",
    "AAATECH",
    "AADHARHFC",
    "AAKASH",
    "AAREYDRUGS",
    "AARON",
    "AARTECH",
    "AARTIDRUGS",
    "AARTIIND",
    "AARTIPHARM",
    "AARTISURF",
    "AARVI",
    "AAVAS",
    "ABAN",
    "ABB",
    "ABBOTINDIA",
    "ABCAPITAL",
    "ABCOTS",
    "ABDL",
    "ABFRL",
    "ABINFRA",
    "ABMINTLLTD",
    "ABREL",
    "ABSLAMC",
    "ACC",
    "ACCELYA",
    "ACCURACY",
    "ACE",
    "ACEINTEG",
    "ACI",
    "ACL",
    "ACMESOLAR",
    "ACUTAAS",
    "ADANIENSOL",
    "ADANIENT",
    "ADANIGREEN",
    "ADANIPORTS",
    "ADANIPOWER",
    "ADFFOODS",
    "ADL",
    "ADOR",
    "ADROITINFO",
    "ADSL",
    "ADVANIHOTR",
    "ADVENZYMES",
    "AEGISLOG",
    "AEROENTER",
    "AEROFLEX",
    "AERONEU",
    "AETHER",
    "AFCONS",
    "AFFLE",
    "AFFORDABLE",
    "AFIL",
    "AFSL",
    "AGARIND",
    "AGARWALEYE",
    "AGI",
    "AGIIL",
    "AGRITECH",
    "AGROPHOS",
    "AGSTRA",
    "AHLADA",
    "AHLEAST",
    "AHLUCONT",
    "AIAENG",
    "AIIL",
    "AIRAN",
    "AIROLAM",
    "AJANTPHARM",
    "AJAXENGG",
    "AJMERA",
    "AJOONI",
    "AKASH",
    "AKG",
    "AKI",
    "AKSHAR",
    "AKSHARCHEM",
    "AKSHOPTFBR",
    "AKUMS",
    "AKZOINDIA",
    "ALANKIT",
    "ALBERTDAVD",
    "ALEMBICLTD",
    "ALICON",
    "ALIVUS",
    "ALKALI",
    "ALKEM",
    "ALKYLAMINE",
    "ALLCARGO",
    "ALLDIGI",
    "ALMONDZ",
    "ALOKINDS",
    "ALPA",
    "ALPHAGEO",
    "AMBER",
    "AMBICAAGAR",
    "AMBIKCO",
    "AMBUJACEM",
    "AMDIND",
    "AMJLAND",
    "AMNPLST",
    "AMRUTANJAN",
    "ANANDRATHI",
    "ANANTRAJ",
    "ANDHRAPAP",
    "ANDHRSUGAR",
    "ANGELONE",
    "ANIKINDS",
    "ANKITMETAL",
    "ANMOL",
    "ANSALAPI",
    "ANTELOPUS",
    "ANTGRAPHIC",
    "ANUHPHR",
    "ANUP",
    "ANURAS",
    "APARINDS",
    "APCL",
    "APCOTEXIND",
    "APEX",
    "APLAPOLLO",
    "APLLTD",
    "APOLLO",
    "APOLLOHOSP",
    "APOLLOPIPE",
    "APOLLOTYRE",
    "APOLSINHOT",
    "APTECHT",
    "APTUS",
    "AQYLON",
    "ARCHIDPLY",
    "ARCHIES",
    "ARE&M",
    "ARENTERP",
    "ARIES",
    "ARIHANTCAP",
    "ARIHANTSUP",
    "ARKADE",
    "ARMANFIN",
    "AROGRANITE",
    "ARROWGREEN",
    "ARTEMISMED",
    "ARTNIRMAN",
    "ARVEE",
    "ARVIND",
    "ARVINDFASN",
    "ARVSMART",
    "ASAHIINDIA",
    "ASAHISONG",
    "ASAL",
    "ASALCBR",
    "ASHAPURMIN",
    "ASHIANA",
    "ASHIMASYN",
    "ASHOKA",
    "ASHOKAMET",
    "ASHOKLEY",
    "ASIANENE",
    "ASIANHOTNR",
    "ASIANPAINT",
    "ASIANTILES",
    "ASKAUTOLTD",
    "ASMS",
    "ASPINWALL",
    "ASTEC",
    "ASTERDM",
    "ASTRAL",
    "ASTRAMICRO",
    "ASTRAZEN",
    "ASTRON",
    "ATALREAL",
    "ATAM",
    "ATGL",
    "ATL",
    "ATLANTAA",
    "ATLASCYCLE",
    "ATUL",
    "ATULAUTO",
    "AUBANK",
    "AURIGROW",
    "AURIONPRO",
    "AUROPHARMA",
    "AURUM",
    "AUSOMENT",
    "AUTOAXLES",
    "AUTOIND",
    "AVADHSUGAR",
    "AVALON",
    "AVANTEL",
    "AVANTIFEED",
    "AVG",
    "AVL",
    "AVONMORE",
    "AVROIND",
    "AVTNPL",
    "AWFIS",
    "AWHCL",
    "AWL",
    "AXISBANK",
    "AXISCADES",
    "AXITA",
    "AYMSYNTEX",
    "AZAD",
    "BAFNAPH",
    "BAGFILMS",
    "BAIDFIN",
    "BAJAJ-AUTO",
    "BAJAJCON",
    "BAJAJELEC",
    "BAJAJFINSV",
    "BAJAJHCARE",
    "BAJAJHFL",
    "BAJAJHIND",
    "BAJAJHLDNG",
    "BAJAJINDEF",
    "BAJEL",
    "BAJFINANCE",
    "BALAJEE",
    "BALAJITELE",
    "BALAMINES",
    "BALAXI",
    "BALKRISHNA",
    "BALKRISIND",
    "BALMLAWRIE",
    "BALPHARMA",
    "BALRAMCHIN",
    "BALUFORGE",
    "BANARBEADS",
    "BANARISUG",
    "BANCOINDIA",
    "BANDHANBNK",
    "BANG",
    "BANKA",
    "BANKBARODA",
    "BANKINDIA",
    "BANSALWIRE",
    "BANSWRAS",
    "BASF",
    "BASML",
    "BATAINDIA",
    "BAYERCROP",
    "BBL",
    "BBOX",
    "BBTC",
    "BBTCL",
    "BCLIND",
    "BCONCEPTS",
    "BDL",
    "BEARDSELL",
    "BECTORFOOD",
    "BEDMUTHA",
    "BEL",
    "BEML",
    "BEPL",
    "BERGEPAINT",
    "BESTAGRO",
    "BETA",
    "BFINVEST",
    "BFUTILITIE",
    "BGRENERGY",
    "BHAGCHEM",
    "BHAGERIA",
    "BHAGYANGR",
    "BHANDARI",
    "BHARATFORG",
    "BHARATGEAR",
    "BHARATRAS",
    "BHARATSE",
    "BHARATWIRE",
    "BHARTIARTL",
    "BHARTIHEXA",
    "BHEL",
    "BIGBLOC",
    "BIKAJI",
    "BIL",
    "BILVYAPAR",
    "BIOCON",
    "BIOFILCHEM",
    "BIRLACABLE",
    "BIRLACORPN",
    "BIRLAMONEY",
    "BIRLANU",
    "BLACKBUCK",
    "BLAL",
    "BLBLIMITED",
    "BLISSGVS",
    "BLKASHYAP",
    "BLS",
    "BLSE",
    "BLUECOAST",
    "BLUEDART",
    "BLUEJET",
    "BLUESTARCO",
    "BODALCHEM",
    "BOHRAIND",
    "BOMDYEING",
    "BOROLTD",
    "BORORENEW",
    "BOROSCI",
    "BOSCH-HCIL",
    "BOSCHLTD",
    "BPCL",
    "BPL",
    "BRIGADE",
    "BRITANNIA",
    "BRNL",
    "BROOKS",
    "BSE",
    "BSHSL",
    "BSL",
    "BSOFT",
    "BTML",
    "BUTTERFLY",
    "BVCL",
    "BYKE",
    "CALSOFT",
    "CAMLINFINE",
    "CAMPUS",
    "CAMS",
    "CANBK",
    "CANFINHOME",
    "CANTABIL",
    "CAPACITE",
    "CAPITALSFB",
    "CAPLIPOINT",
    "CAPTRUST",
    "CARBORUNIV",
    "CARERATING",
    "CARRARO",
    "CARTRADE",
    "CARYSIL",
    "CASTROLIND",
    "CCAVENUE",
    "CCCL",
    "CCHHL",
    "CCL",
    "CDSL",
    "CEATLTD",
    "CEIGALL",
    "CELEBRITY",
    "CELLO",
    "CEMPRO",
    "CENTENKA",
    "CENTEXT",
    "CENTRALBK",
    "CENTRUM",
    "CENTUM",
    "CENTURYPLY",
    "CERA",
    "CEREBRAINT",
    "CESC",
    "CEWATER",
    "CGCL",
    "CGPOWER",
    "CHALET",
    "CHAMBLFERT",
    "CHEMBOND",
    "CHEMCON",
    "CHEMFAB",
    "CHEMPLASTS",
    "CHENNPETRO",
    "CHEVIOT",
    "CHOICEIN",
    "CHOLAFIN",
    "CHOLAHLDNG",
    "CIEINDIA",
    "CIFL",
    "CIGNITITEC",
    "CINELINE",
    "CINEVISTA",
    "CIPLA",
    "CLEAN",
    "CLEDUCATE",
    "CLSEL",
    "CMSINFO",
    "CNL",
    "COALINDIA",
    "COASTCORP",
    "COCHINSHIP",
    "COFFEEDAY",
    "COFORGE",
    "COHANCE",
    "COLPAL",
    "COMPUSOFT",
    "COMSYN",
    "CONCOR",
    "CONCORDBIO",
    "CONFIPET",
    "CONSOFINVT",
    "CONTROLPR",
    "CORALFINAC",
    "CORDSCABLE",
    "COROMANDEL",
    "COSMOFIRST",
    "COUNCODOS",
    "CPCAP",
    "CRAFTSMAN",
    "CREATIVEYE",
    "CREDITACC",
    "CREST",
    "CRISIL",
    "CROMPTON",
    "CROWN",
    "CSBBANK",
    "CSLFINANCE",
    "CTE",
    "CUB",
    "CUBEXTUB",
    "CUMMINSIND",
    "CUPID",
    "CURAA",
    "CYBERMEDIA",
    "CYBERTECH",
    "CYIENT",
    "CYIENTDLM",
    "DABUR",
    "DALBHARAT",
    "DALMIASUG",
    "DAMCAPITAL",
    "DAMODARIND",
    "DANGEE",
    "DATAMATICS",
    "DATAPATTNS",
    "DAVANGERE",
    "DBCORP",
    "DBEIL",
    "DBL",
    "DBOL",
    "DBREALTY",
    "DBSTOCKBRO",
    "DCAL",
    "DCBBANK",
    "DCI",
    "DCM",
    "DCMFINSERV",
    "DCMNVL",
    "DCMSHRIRAM",
    "DCMSRIND",
    "DCW",
    "DCXINDIA",
    "DDEVPLSTIK",
    "DECCANCE",
    "DEEDEV",
    "DEEPAKFERT",
    "DEEPAKNTR",
    "DEEPINDS",
    "DELHIVERY",
    "DELPHIFX",
    "DELTACORP",
    "DELTAMAGNT",
    "DEN",
    "DENORA",
    "DENTA",
    "DEVIT",
    "DEVYANI",
    "DGCONTENT",
    "DHAMPURSUG",
    "DHANBANK",
    "DHANUKA",
    "DHARAN",
    "DHARMAJ",
    "DHRUV",
    "DHUNINV",
    "DIACABS",
    "DIAMINESQ",
    "DIAMONDYD",
    "DICIND",
    "DIFFNKG",
    "DIGIDRIVE",
    "DIGISPICE",
    "DIGJAMLMTD",
    "DISHTV",
    "DIVGIITTS",
    "DIVISLAB",
    "DIXON",
    "DJML",
    "DLF",
    "DLINKINDIA",
    "DMART",
    "DMCC",
    "DNAMEDIA",
    "DODLA",
    "DOLATALGO",
    "DOLLAR",
    "DOLPHIN",
    "DOMS",
    "DONEAR",
    "DPABHUSHAN",
    "DPSCLTD",
    "DPWIRES",
    "DRCSYSTEMS",
    "DREAMFOLKS",
    "DREDGECORP",
    "DRREDDY",
    "DSSL",
    "DTIL",
    "DUCON",
    "DVL",
    "DWARKESH",
    "DYCL",
    "DYNAMATECH",
    "DYNPRO",
    "E2E",
    "EASEMYTRIP",
    "ECLERX",
    "ECOSMOBLTY",
    "EDELWEISS",
    "EICHERMOT",
    "EIDPARRY",
    "EIEL",
    "EIFFL",
    "EIHAHOTELS",
    "EIHOTEL",
    "EIMCOELECO",
    "EKC",
    "ELDEHSG",
    "ELECON",
    "ELECTCAST",
    "ELECTHERM",
    "ELGIEQUIP",
    "ELGIRUBCO",
    "ELIN",
    "EMAMILTD",
    "EMAMIPAP",
    "EMAMIREAL",
    "EMBDL",
    "EMCURE",
    "EMIL",
    "EMKAY",
    "EMMBI",
    "EMSLIMITED",
    "EMUDHRA",
    "ENDURANCE",
    "ENERGYDEV",
    "ENGINERSIN",
    "ENIL",
    "ENTERO",
    "EPACK",
    "EPIGRAL",
    "EPL",
    "EQUIPPP",
    "EQUITASBNK",
    "ERIS",
    "ESABINDIA",
    "ESAFSFB",
    "ESCORTS",
    "ESSARSHPNG",
    "ESSENTIA",
    "ESTER",
    "ETERNAL",
    "ETHOSLTD",
    "EUREKAFORB",
    "EUROBOND",
    "EUROTEXIND",
    "EVEREADY",
    "EVERESTIND",
    "EXCEL",
    "EXCELINDUS",
    "EXICOM",
    "EXIDEIND",
    "EXPLEOSOL",
    "EXXARO",
    "FACT",
    "FAIRCHEMOR",
    "FAZE3Q",
    "FCL",
    "FCSSOFT",
    "FDC",
    "FEDERALBNK",
    "FEDFINA",
    "FEL",
    "FELDVR",
    "FIBERWEB",
    "FIEMIND",
    "FILATEX",
    "FILATFASH",
    "FINCABLES",
    "FINEORG",
    "FINOPB",
    "FINPIPE",
    "FIRSTCRY",
    "FIVESTAR",
    "FLAIR",
    "FLEXITUFF",
    "FLUOROCHEM",
    "FMGOETZE",
    "FMNL",
    "FOCUS",
    "FOODSIN",
    "FORCEMOT",
    "FORTIS",
    "FOSECOIND",
    "FSL",
    "FUSION",
    "GABRIEL",
    "GAEL",
    "GAIL",
    "GALAPREC",
    "GALAXYSURF",
    "GALLANTT",
    "GANDHAR",
    "GANDHITUBE",
    "GANECOS",
    "GANESHBE",
    "GANESHHOU",
    "GANGAFORGE",
    "GANGESSECU",
    "GARFIBRES",
    "GARUDA",
    "GATECH",
    "GATECHDVR",
    "GATEWAY",
    "GAYAHWS",
    "GEECEE",
    "GEEKAYWIRE",
    "GENCON",
    "GENESYS",
    "GENUSPAPER",
    "GENUSPOWER",
    "GEOJITFSL",
    "GESHIP",
    "GFLLIMITED",
    "GHCL",
    "GHCLTEXTIL",
    "GICHSGFIN",
    "GICL",
    "GICRE",
    "GILLANDERS",
    "GILLETTE",
    "GINNIFILA",
    "GIPCL",
    "GKWLIMITED",
    "GLAND",
    "GLAXO",
    "GLENMARK",
    "GLFL",
    "GLOBAL",
    "GLOBALE",
    "GLOBALVECT",
    "GLOBE",
    "GLOBUSSPR",
    "GLOSTERLTD",
    "GMBREW",
    "GMDCLTD",
    "GMMPFAUDLR",
    "GMRAIRPORT",
    "GMRP&UI",
    "GNA",
    "GNFC",
    "GOACARBON",
    "GOCLCORP",
    "GOCOLORS",
    "GODAVARIB",
    "GODFRYPHLP",
    "GODIGIT",
    "GODREJAGRO",
    "GODREJCP",
    "GODREJIND",
    "GODREJPROP",
    "GOKEX",
    "GOKUL",
    "GOKULAGRO",
    "GOLDENTOBC",
    "GOLDIAM",
    "GOLDTECH",
    "GOODLUCK",
    "GOPAL",
    "GOYALALUM",
    "GPIL",
    "GPPL",
    "GPTHEALTH",
    "GPTINFRA",
    "GRANULES",
    "GRAPHITE",
    "GRASIM",
    "GRAVITA",
    "GREAVESCOT",
    "GREENLAM",
    "GREENPANEL",
    "GREENPLY",
    "GREENPOWER",
    "GRINDWELL",
    "GRINFRA",
    "GRMOVER",
    "GROBTEA",
    "GRPLTD",
    "GRSE",
    "GRWRHITECH",
    "GSFC",
    "GSLSU",
    "GSPL",
    "GSS",
    "GTECJAINX",
    "GTL",
    "GTLINFRA",
    "GTPL",
    "GUFICBIO",
    "GUJALKALI",
    "GUJAPOLLO",
    "GUJGASLTD",
    "GUJRAFFIA",
    "GUJTHEM",
    "GULFOILLUB",
    "GULFPETRO",
    "GULPOLY",
    "GVKPIL",
    "GVPIL",
    "GVPTECH",
    "GVT&D",
    "HAL",
    "HALEOSLABS",
    "HAPPSTMNDS",
    "HAPPYFORGE",
    "HARDWYN",
    "HARIOMPIPE",
    "HARRMALAYA",
    "HARSHA",
    "HATHWAY",
    "HATSUN",
    "HAVELLS",
    "HAVISHA",
    "HBLENGINE",
    "HBSL",
    "HCC",
    "HCG",
    "HCL-INSYS",
    "HCLTECH",
    "HDFCAMC",
    "HDFCBANK",
    "HDFCLIFE",
    "HEADSUP",
    "HECPROJECT",
    "HEG",
    "HEIDELBERG",
    "HEMIPROP",
    "HERANBA",
    "HERITGFOOD",
    "HEROMOTOCO",
    "HESTERBIO",
    "HEXATRADEX",
    "HEXT",
    "HFCL",
    "HGINFRA",
    "HGM",
    "HGS",
    "HIKAL",
    "HILTON",
    "HIMATSEIDE",
    "HINDALCO",
    "HINDCOMPOS",
    "HINDCON",
    "HINDCOPPER",
    "HINDOILEXP",
    "HINDPETRO",
    "HINDUNILVR",
    "HINDWAREAP",
    "HINDZINC",
    "HIRECT",
    "HISARMETAL",
    "HITECH",
    "HITECHCORP",
    "HITECHGEAR",
    "HLEGLAS",
    "HLVLTD",
    "HMAAGRO",
    "HMT",
    "HMVL",
    "HNDFDS",
    "HOMEFIRST",
    "HONASA",
    "HONAUT",
    "HONDAPOWER",
    "HPAL",
    "HPIL",
    "HPL",
    "HSCL",
    "HTMEDIA",
    "HUBTOWN",
    "HUDCO",
    "HUHTAMAKI",
    "HYBRIDFIN",
    "HYUNDAI",
    "IBULLSLTD",
    "ICDSLTD",
    "ICEMAKE",
    "ICICIBANK",
    "ICICIGI",
    "ICICIPRULI",
    "ICIL",
    "ICRA",
    "IDBI",
    "IDEA",
    "IDEAFORGE",
    "IDFCFIRSTB",
    "IEX",
    "IFBAGRO",
    "IFBIND",
    "IFCI",
    "IFGLEXPOR",
    "IGARASHI",
    "IGIL",
    "IGL",
    "IGPL",
    "IIFL",
    "IIFLCAPS",
    "IITL",
    "IKIO",
    "IKS",
    "IL&FSENGG",
    "IL&FSTRANS",
    "IMAGICAA",
    "IMFA",
    "IMPAL",
    "IMPEXFERRO",
    "INCREDIBLE",
    "INDBANK",
    "INDGN",
    "INDHOTEL",
    "INDIACEM",
    "INDIAGLYCO",
    "INDIAMART",
    "INDIANB",
    "INDIANCARD",
    "INDIANHUME",
    "INDIASHLTR",
    "INDIGO",
    "INDIGOPNTS",
    "INDNIPPON",
    "INDOAMIN",
    "INDOBORAX",
    "INDOCO",
    "INDOFARM",
    "INDORAMA",
    "INDOSTAR",
    "INDOTECH",
    "INDOTHAI",
    "INDOUS",
    "INDOWIND",
    "INDRAMEDCO",
    "INDSWFTLAB",
    "INDTERRAIN",
    "INDUSINDBK",
    "INDUSTOWER",
    "INFOBEAN",
    "INFY",
    "INGERRAND",
    "INNOVACAP",
    "INNOVANA",
    "INOXGREEN",
    "INOXINDIA",
    "INOXWIND",
    "INSECTICID",
    "INSPIRISYS",
    "INTELLECT",
    "INTENTECH",
    "INTERARCH",
    "INTLCONV",
    "INVENTURE",
    "IOB",
    "IOC",
    "IOLCP",
    "IONEXCHANG",
    "IPCALAB",
    "IPL",
    "IRB",
    "IRCON",
    "IRCTC",
    "IREDA",
    "IRFC",
    "IRIS",
    "IRISDOREME",
    "IRMENERGY",
    "ISFT",
    "ISGEC",
    "ISHANCH",
    "ITC",
    "ITCHOTELS",
    "ITDC",
    "ITI",
    "IVC",
    "IVP",
    "IXIGO",
    "IZMO",
    "J&KBANK",
    "JAGRAN",
    "JAGSNPHARM",
    "JAIBALAJI",
    "JAICORPLTD",
    "JAIPURKURT",
    "JAMNAAUTO",
    "JASH",
    "JAYAGROGN",
    "JAYBARMARU",
    "JAYNECOIND",
    "JAYSREETEA",
    "JBCHEPHARM",
    "JBMA",
    "JETFREIGHT",
    "JGCHEM",
    "JHS",
    "JINDALPHOT",
    "JINDALPOLY",
    "JINDALSAW",
    "JINDALSTEL",
    "JINDRILL",
    "JINDWORLD",
    "JIOFIN",
    "JISLDVREQS",
    "JISLJALEQS",
    "JITFINFRA",
    "JKCEMENT",
    "JKIL",
    "JKLAKSHMI",
    "JKPAPER",
    "JKTYRE",
    "JLHL",
    "JMA",
    "JMFINANCIL",
    "JNKINDIA",
    "JOCIL",
    "JPOLYINVST",
    "JPPOWER",
    "JSFB",
    "JSL",
    "JSLL",
    "JSWENERGY",
    "JSWHL",
    "JSWINFRA",
    "JSWSTEEL",
    "JTEKTINDIA",
    "JTLIND",
    "JUBLCPL",
    "JUBLFOOD",
    "JUBLINGREA",
    "JUBLPHARMA",
    "JUNIPER",
    "JUSTDIAL",
    "JWL",
    "JYOTHYLAB",
    "JYOTICNC",
    "JYOTISTRUC",
    "KABRAEXTRU",
    "KAJARIACER",
    "KAKATCEM",
    "KALAMANDIR",
    "KALYANIFRG",
    "KALYANKJIL",
    "KAMATHOTEL",
    "KAMDHENU",
    "KAMOPAINTS",
    "KANANIIND",
    "KANORICHEM",
    "KANPRPLA",
    "KANSAINER",
    "KAPSTON",
    "KARMAENG",
    "KARURVYSYA",
    "KAUSHALYA",
    "KAVDEFENCE",
    "KAYA",
    "KAYNES",
    "KCP",
    "KCPSUGIND",
    "KDDL",
    "KEC",
    "KECL",
    "KEEPLEARN",
    "KEI",
    "KELLTONTEC",
    "KERNEX",
    "KESORAMIND",
    "KEYFINSERV",
    "KFINTECH",
    "KHADIM",
    "KHAICHEM",
    "KHAITANLTD",
    "KHANDSE",
    "KICL",
    "KILITCH",
    "KIMS",
    "KINGFA",
    "KIOCL",
    "KIRIINDUS",
    "KIRLOSBROS",
    "KIRLOSENG",
    "KIRLOSIND",
    "KIRLPNU",
    "KITEX",
    "KKCL",
    "KMEW",
    "KMSUGAR",
    "KNAGRI",
    "KNRCON",
    "KOHINOOR",
    "KOKUYOCMLN",
    "KOLTEPATIL",
    "KOPRAN",
    "KOTAKBANK",
    "KOTARISUG",
    "KOTHARIPET",
    "KOTHARIPRO",
    "KOTYARK",
    "KPEL",
    "KPIGREEN",
    "KPIL",
    "KPITTECH",
    "KPRMILL",
    "KRBL",
    "KREBSBIO",
    "KRIDHANINF",
    "KRISHANA",
    "KRISHIVAL",
    "KRISHNADEF",
    "KRITI",
    "KRITIKA",
    "KRITINUT",
    "KRN",
    "KRONOX",
    "KROSS",
    "KRSNAA",
    "KRYSTAL",
    "KSB",
    "KSCL",
    "KSHITIJPOL",
    "KSL",
    "KSOLVES",
    "KTKBANK",
    "KUANTUM",
    "LAGNAM",
    "LAKPRE",
    "LAL",
    "LALPATHLAB",
    "LAMBODHARA",
    "LANCORHOL",
    "LANDMARK",
    "LAOPALA",
    "LASA",
    "LATENTVIEW",
    "LATTEYS",
    "LAURUSLABS",
    "LAXMICOT",
    "LAXMIDENTL",
    "LCCINFOTEC",
    "LEMERITE",
    "LEMONTREE",
    "LEXUS",
    "LFIC",
    "LGBBROSLTD",
    "LGHL",
    "LIBAS",
    "LIBERTSHOE",
    "LICHSGFIN",
    "LICI",
    "LIKHITHA",
    "LINC",
    "LINCOLN",
    "LINDEINDIA",
    "LLOYDSENGG",
    "LLOYDSENT",
    "LLOYDSME",
    "LMW",
    "LODHA",
    "LOKESHMACH",
    "LORDSCHLO",
    "LOTUSEYE",
    "LOVABLE",
    "LOYALTEX",
    "LPDC",
    "LT",
    "LTF",
    "LTFOODS",
    "LTM",
    "LTTS",
    "LUMAXIND",
    "LUMAXTECH",
    "LUPIN",
    "LUXIND",
    "LXCHEM",
    "LYKALABS",
    "LYPSAGEMS",
    "M&M",
    "M&MFIN",
    "MAANALU",
    "MACPOWER",
    "MADHAV",
    "MADHUCON",
    "MADRASFERT",
    "MAGADSUGAR",
    "MAGNUM",
    "MAHABANK",
    "MAHAPEXLTD",
    "MAHASTEEL",
    "MAHEPC",
    "MAHESHWARI",
    "MAHLIFE",
    "MAHLOG",
    "MAHSCOOTER",
    "MAHSEAMLES",
    "MAITHANALL",
    "MALLCOM",
    "MALUPAPER",
    "MAMATA",
    "MANAKALUCO",
    "MANAKCOAT",
    "MANAKSIA",
    "MANAKSTEEL",
    "MANALIPETC",
    "MANAPPURAM",
    "MANBA",
    "MANCREDIT",
    "MANGALAM",
    "MANGLMCEM",
    "MANINDS",
    "MANINFRA",
    "MANKIND",
    "MANOMAY",
    "MANORAMA",
    "MANORG",
    "MANUGRAPH",
    "MANYAVAR",
    "MAPMYINDIA",
    "MARALOVER",
    "MARATHON",
    "MARICO",
    "MARINE",
    "MARKSANS",
    "MARUTI",
    "MASFIN",
    "MASKINVEST",
    "MASTEK",
    "MASTERTR",
    "MATRIMONY",
    "MAWANASUG",
    "MAXESTATES",
    "MAXHEALTH",
    "MAXIND",
    "MAYURUNIQ",
    "MAZDA",
    "MAZDOCK",
    "MBAPL",
    "MBLINFRA",
    "MCL",
    "MCLEODRUSS",
    "MCLOUD",
    "MCX",
    "MEDANTA",
    "MEDIASSIST",
    "MEDICAMEQ",
    "MEDICO",
    "MEDPLUS",
    "MEGASTAR",
    "MENONBE",
    "MEP",
    "METROBRAND",
    "METROPOLIS",
    "MFML",
    "MFSL",
    "MGEL",
    "MGL",
    "MHLXMIRU",
    "MHRIL",
    "MICEL",
    "MIDHANI",
    "MINDACORP",
    "MINDTECK",
    "MIRCELECTR",
    "MIRZAINT",
    "MITCON",
    "MITTAL",
    "MKPL",
    "MMFL",
    "MMP",
    "MMTC",
    "MOBIKWIK",
    "MODIRUBBER",
    "MODISONLTD",
    "MODTHREAD",
    "MOHITIND",
    "MOIL",
    "MOKSH",
    "MOL",
    "MOLDTECH",
    "MOLDTKPAC",
    "MONARCH",
    "MONTECARLO",
    "MOREPENLAB",
    "MOSCHIP",
    "MOTHERSON",
    "MOTILALOFS",
    "MOTISONS",
    "MOTOGENFIN",
    "MPHASIS",
    "MPSLTD",
    "MRF",
    "MRPL",
    "MSPL",
    "MSTCLTD",
    "MSUMI",
    "MTARTECH",
    "MTEDUCARE",
    "MTNL",
    "MUFIN",
    "MUFTI",
    "MUKANDLTD",
    "MUKKA",
    "MUKTAARTS",
    "MUNJALAU",
    "MUNJALSHOW",
    "MURUDCERA",
    "MUTHOOTCAP",
    "MUTHOOTFIN",
    "MUTHOOTMF",
    "MVGJL",
    "MWL",
    "NACLIND",
    "NAGAFERT",
    "NAGREEKCAP",
    "NAGREEKEXP",
    "NAHARCAP",
    "NAHARINDUS",
    "NAHARPOLY",
    "NAHARSPING",
    "NAM-INDIA",
    "NARMADA",
    "NATCAPSUQ",
    "NATCOPHARM",
    "NATHBIOGEN",
    "NATIONALUM",
    "NAUKRI",
    "NAVA",
    "NAVINFLUOR",
    "NAVKARCORP",
    "NAVKARURB",
    "NAVNETEDUL",
    "NAZARA",
    "NBCC",
    "NBIFIN",
    "NCC",
    "NCLIND",
    "NDGL",
    "NDL",
    "NDLVENTURE",
    "NDRAUTO",
    "NDTV",
    "NECCLTD",
    "NECLIFE",
    "NELCAST",
    "NELCO",
    "NEOGEN",
    "NESCO",
    "NESTLEIND",
    "NETWEB",
    "NETWORK18",
    "NEULANDLAB",
    "NEWGEN",
    "NEXTMEDIA",
    "NFL",
    "NGIL",
    "NGLFINE",
    "NH",
    "NHPC",
    "NIACL",
    "NIBE",
    "NIBL",
    "NIITLTD",
    "NIITMTS",
    "NILAINFRA",
    "NILASPACES",
    "NILKAMAL",
    "NINSYS",
    "NIPPOBATRY",
    "NIRAJ",
    "NITCO",
    "NITINSPIN",
    "NITIRAJ",
    "NIVABUPA",
    "NKIND",
    "NLCINDIA",
    "NMDC",
    "NOCIL",
    "NOIDATOLL",
    "NORBTEAEXP",
    "NORTHARC",
    "NOVAAGRI",
    "NPST",
    "NRAIL",
    "NRBBEARING",
    "NRL",
    "NSIL",
    "NSLNISP",
    "NTPC",
    "NTPCGREEN",
    "NUCLEUS",
    "NURECA",
    "NUVAMA",
    "NUVOCO",
    "NYKAA",
    "OAL",
    "OBCL",
    "OBEROIRLTY",
    "OCCLLTD",
    "ODIGMA",
    "OFSS",
    "OIL",
    "OILCOUNTUB",
    "OLAELEC",
    "OLECTRA",
    "OMAXAUTO",
    "OMAXE",
    "OMINFRAL",
    "ONELIFECAP",
    "ONEPOINT",
    "ONESOURCE",
    "ONGC",
    "ONMOBILE",
    "ONWARDTEC",
    "OPTIEMUS",
    "ORBTEXP",
    "ORCHASP",
    "ORCHPHARMA",
    "ORICONENT",
    "ORIENTALTL",
    "ORIENTBELL",
    "ORIENTCEM",
    "ORIENTCER",
    "ORIENTELEC",
    "ORIENTHOT",
    "ORIENTLTD",
    "ORIENTPPR",
    "ORIENTTECH",
    "ORISSAMINE",
    "ORTINGLOBE",
    "OSIAHYPER",
    "OSWALAGRO",
    "OSWALGREEN",
    "OSWALSEEDS",
    "PAGEIND",
    "PAISALO",
    "PAKKA",
    "PALASHSECU",
    "PALREDTEC",
    "PANACEABIO",
    "PANACHE",
    "PANAMAPET",
    "PANSARI",
    "PAR",
    "PARACABLES",
    "PARADEEP",
    "PARAGMILK",
    "PARAS",
    "PARASPETRO",
    "PARKHOTELS",
    "PARSVNATH",
    "PASHUPATI",
    "PASUPTAC",
    "PATANJALI",
    "PATELENG",
    "PATINTLOG",
    "PAVNAIND",
    "PAYTM",
    "PCBL",
    "PCJEWELLER",
    "PDMJEPAPER",
    "PDSL",
    "PEARLPOLY",
    "PENIND",
    "PENINLAND",
    "PERSISTENT",
    "PETRONET",
    "PFC",
    "PFIZER",
    "PFOCUS",
    "PFS",
    "PGEL",
    "PGHH",
    "PGHL",
    "PGIL",
    "PHOENIXLTD",
    "PIDILITIND",
    "PIGL",
    "PIIND",
    "PILANIINVS",
    "PILITA",
    "PIONEEREMB",
    "PITTIENG",
    "PIXTRANS",
    "PKTEA",
    "PLASTIBLEN",
    "PLATIND",
    "PLAZACABLE",
    "PNB",
    "PNBGILTS",
    "PNBHOUSING",
    "PNC",
    "PNCINFRA",
    "PNGJL",
    "POCL",
    "PODDARMENT",
    "POKARNA",
    "POLICYBZR",
    "POLYCAB",
    "POLYMED",
    "POLYPLEX",
    "PONNIERODE",
    "POONAWALLA",
    "POWERGRID",
    "POWERINDIA",
    "POWERMECH",
    "PPAP",
    "PPL",
    "PPLPHARMA",
    "PRABHA",
    "PRAENG",
    "PRAJIND",
    "PRAKASH",
    "PRAKASHSTL",
    "PRAXIS",
    "PRECAM",
    "PRECOT",
    "PRECWIRE",
    "PREMEXPLN",
    "PREMIER",
    "PREMIERENE",
    "PREMIERPOL",
    "PRESTIGE",
    "PRICOLLTD",
    "PRIMESECU",
    "PRIMO",
    "PRINCEPIPE",
    "PRITI",
    "PRITIKAUTO",
    "PRIVISCL",
    "PROTEAN",
    "PROZONER",
    "PRSMJOHNSN",
    "PRUDENT",
    "PRUDMOULI",
    "PSB",
    "PSPPROJECT",
    "PTC",
    "PTCIL",
    "PTL",
    "PUNJABCHEM",
    "PURVA",
    "PVP",
    "PVRINOX",
    "PVSL",
    "PYRAMID",
    "QPOWER",
    "QUADFUTURE",
    "QUESS",
    "QUICKHEAL",
    "RACE",
    "RACLGEAR",
    "RADAAN",
    "RADHIKAJWE",
    "RADIANTCMS",
    "RADICO",
    "RADIOCITY",
    "RAILTEL",
    "RAIN",
    "RAINBOW",
    "RAJESHEXPO",
    "RAJMET",
    "RAJRATAN",
    "RAJRILTD",
    "RAJSREESUG",
    "RAJTV",
    "RALLIS",
    "RAMANEWS",
    "RAMAPHO",
    "RAMASTEEL",
    "RAMCOCEM",
    "RAMCOIND",
    "RAMCOSYS",
    "RAMKY",
    "RAMRAT",
    "RANASUG",
    "RANEHOLDIN",
    "RATEGAIN",
    "RATNAMANI",
    "RATNAVEER",
    "RAYMOND",
    "RAYMONDLSL",
    "RBA",
    "RBLBANK",
    "RBZJEWEL",
    "RCF",
    "RECLTD",
    "REDINGTON",
    "REDTAPE",
    "REFEX",
    "REGENCERAM",
    "RELAXO",
    "RELCHEMQ",
    "RELIABLE",
    "RELIANCE",
    "RELIGARE",
    "RELINFRA",
    "RELTD",
    "REMSONSIND",
    "RENUKA",
    "REPCOHOME",
    "REPL",
    "REPRO",
    "RESPONIND",
    "RETAIL",
    "RGL",
    "RHFL",
    "RHIM",
    "RHL",
    "RICOAUTO",
    "RIIL",
    "RISHABH",
    "RITCO",
    "RITES",
    "RKDL",
    "RKEC",
    "RKFORGE",
    "RKSWAMY",
    "RMDRIP",
    "RML",
    "ROHLTD",
    "ROLEXRINGS",
    "ROLLT",
    "ROML",
    "ROSSARI",
    "ROSSELLIND",
    "ROSSTECH",
    "ROTO",
    "ROUTE",
    "RPEL",
    "RPGLIFE",
    "RPOWER",
    "RPPINFRA",
    "RPPL",
    "RPSGVENT",
    "RPTECH",
    "RRKABEL",
    "RSSOFTWARE",
    "RSWM",
    "RSYSTEMS",
    "RTNINDIA",
    "RTNPOWER",
    "RUBFILA",
    "RUBYMILLS",
    "RUCHINFRA",
    "RUCHIRA",
    "RUPA",
    "RUSHIL",
    "RUSTOMJEE",
    "RVHL",
    "RVNL",
    "RVTH",
    "S&SPOWER",
    "SABEVENTS",
    "SADBHAV",
    "SADBHIN",
    "SADHNANIQ",
    "SAFARI",
    "SAGARDEEP",
    "SAGCEM",
    "SAGILITY",
    "SAHYADRI",
    "SAIL",
    "SAILIFE",
    "SAKAR",
    "SAKHTISUG",
    "SAKSOFT",
    "SAKUMA",
    "SALASAR",
    "SALONA",
    "SALSTEEL",
    "SALZERELEC",
    "SAMBHAAV",
    "SAMHI",
    "SAMMAANCAP",
    "SAMPANN",
    "SANATHAN",
    "SANDESH",
    "SANDHAR",
    "SANDUMA",
    "SANGAMIND",
    "SANGHIIND",
    "SANGHVIMOV",
    "SANGINITA",
    "SANOFI",
    "SANOFICONR",
    "SANSERA",
    "SANSTAR",
    "SANWARIA",
    "SAPPHIRE",
    "SARDAEN",
    "SAREGAMA",
    "SARLAPOLY",
    "SARVESHWAR",
    "SASKEN",
    "SASTASUNDR",
    "SATIA",
    "SATIN",
    "SAURASHCEM",
    "SBC",
    "SBCL",
    "SBFC",
    "SBGLP",
    "SBICARD",
    "SBILIFE",
    "SBIN",
    "SCHAEFFLER",
    "SCHAND",
    "SCHNEIDER",
    "SCI",
    "SCILAL",
    "SCPL",
    "SDBL",
    "SEAMECLTD",
    "SECMARK",
    "SECURKLOUD",
    "SEJALLTD",
    "SELMC",
    "SEMAC",
    "SENCO",
    "SENORES",
    "SEPC",
    "SERVOTECH",
    "SESHAPAPER",
    "SETCO",
    "SETL",
    "SETUINFRA",
    "SFL",
    "SGIL",
    "SGL",
    "SHAH",
    "SHAHALLOYS",
    "SHAILY",
    "SHAKTIPUMP",
    "SHALBY",
    "SHALPAINTS",
    "SHANKARA",
    "SHANTI",
    "SHANTIGEAR",
    "SHARDACROP",
    "SHARDAMOTR",
    "SHAREINDIA",
    "SHEKHAWATI",
    "SHEMAROO",
    "SHILPAMED",
    "SHIVALIK",
    "SHIVAMAUTO",
    "SHIVAMILLS",
    "SHIVATEX",
    "SHK",
    "SHOPERSTOP",
    "SHRADHA",
    "SHREDIGCEM",
    "SHREECEM",
    "SHREEPUSHK",
    "SHREERAMA",
    "SHRENIK",
    "SHREYANIND",
    "SHRIPISTON",
    "SHRIRAMFIN",
    "SHRIRAMPPS",
    "SHYAMCENT",
    "SHYAMMETL",
    "SHYAMTEL",
    "SIEMENS",
    "SIGACHI",
    "SIGIND",
    "SIGMA",
    "SIGMAADV",
    "SIGNATURE",
    "SIGNPOST",
    "SIKKO",
    "SIL",
    "SILGO",
    "SILINV",
    "SILLYMONKS",
    "SILVERTUC",
    "SIMBHALS",
    "SIMPLEXINF",
    "SINCLAIR",
    "SINDHUTRAD",
    "SINTERCOM",
    "SIRCA",
    "SIS",
    "SITINET",
    "SIYSIL",
    "SJS",
    "SJVN",
    "SKFINDIA",
    "SKIPPER",
    "SKMEGGPROD",
    "SKYGOLD",
    "SMARTLINK",
    "SMCGLOBAL",
    "SMLMAH",
    "SMLT",
    "SMSPHARMA",
    "SNOWMAN",
    "SOBHA",
    "SOFTTECH",
    "SOLARA",
    "SOLARINDS",
    "SOLEX",
    "SOMANYCERA",
    "SOMATEX",
    "SOMICONVEY",
    "SONACOMS",
    "SONAMLTD",
    "SONATSOFTW",
    "SOTL",
    "SOUTHBANK",
    "SOUTHWEST",
    "SPAL",
    "SPANDANA",
    "SPARC",
    "SPCENET",
    "SPECIALITY",
    "SPECTRUM",
    "SPENCERS",
    "SPIC",
    "SPLIL",
    "SPLPETRO",
    "SPMLINFRA",
    "SPORTKING",
    "SRD",
    "SREEL",
    "SRF",
    "SRGHFL",
    "SRHHYPOLTD",
    "SRM",
    "SSDL",
    "SSWL",
    "STALLION",
    "STANLEY",
    "STAR",
    "STARCEMENT",
    "STARHEALTH",
    "STARPAPER",
    "STARTECK",
    "STCINDIA",
    "STEELCAS",
    "STEELCITY",
    "STEELXIND",
    "STEL",
    "STERTOOLS",
    "STLTECH",
    "STOVEKRAFT",
    "STYLAMIND",
    "STYLEBAAZA",
    "STYRENIX",
    "SUBEXLTD",
    "SUBROS",
    "SUDARCOLOR",
    "SUDARSCHEM",
    "SUKHJITS",
    "SULA",
    "SUMICHEM",
    "SUMIT",
    "SUMMITSEC",
    "SUNCLAY",
    "SUNDARAM",
    "SUNDARMFIN",
    "SUNDRMBRAK",
    "SUNDRMFAST",
    "SUNDROP",
    "SUNFLAG",
    "SUNPHARMA",
    "SUNTECK",
    "SUNTV",
    "SUPERHOUSE",
    "SUPERSPIN",
    "SUPRAJIT",
    "SUPREME",
    "SUPREMEIND",
    "SUPREMEINF",
    "SUPRIYA",
    "SURAJEST",
    "SURAJLTD",
    "SURAKSHA",
    "SURANASOL",
    "SURANAT&P",
    "SURYALAXMI",
    "SURYAROSNI",
    "SURYODAY",
    "SUTLEJTEX",
    "SUVEN",
    "SUVIDHAA",
    "SUYOG",
    "SUZLON",
    "SVLL",
    "SVPGLOB",
    "SWANCORP",
    "SWARAJENG",
    "SWELECTES",
    "SWIGGY",
    "SWSOLAR",
    "SYMPHONY",
    "SYNCOMF",
    "SYNGENE",
    "SYRMA",
    "TAINWALCHM",
    "TAJGVK",
    "TAKE",
    "TALBROAUTO",
    "TANLA",
    "TARACHAND",
    "TARAPUR",
    "TARC",
    "TARIL",
    "TARMAT",
    "TARSONS",
    "TASTYBITE",
    "TATACHEM",
    "TATACOMM",
    "TATACONSUM",
    "TATAELXSI",
    "TATAINVEST",
    "TATAPOWER",
    "TATASTEEL",
    "TATATECH",
    "TATVA",
    "TBOTEK",
    "TBZ",
    "TCI",
    "TCIEXP",
    "TCIFINANCE",
    "TCPLPACK",
    "TCS",
    "TDPOWERSYS",
    "TEAMGTY",
    "TEAMLEASE",
    "TECHM",
    "TECHNOE",
    "TEGA",
    "TEJASNET",
    "TEMBO",
    "TERASOFT",
    "TEXINFRA",
    "TEXMOPIPES",
    "TEXRAIL",
    "TFCILTD",
    "TFL",
    "TGBHOTELS",
    "THANGAMAYL",
    "THEINVEST",
    "THEJO",
    "THEMISMED",
    "THERMAX",
    "THOMASCOOK",
    "THOMASCOTT",
    "THYROCARE",
    "TI",
    "TICL",
    "TIIL",
    "TIINDIA",
    "TIJARIA",
    "TIL",
    "TIMETECHNO",
    "TIMKEN",
    "TINNARUBR",
    "TIPSFILMS",
    "TIPSMUSIC",
    "TIRUMALCHM",
    "TIRUPATIFL",
    "TITAGARH",
    "TITAN",
    "TMB",
    "TMPV",
    "TNPETRO",
    "TNPL",
    "TNTELE",
    "TOKYOPLAST",
    "TOLINS",
    "TORNTPHARM",
    "TORNTPOWER",
    "TOTAL",
    "TOUCHWOOD",
    "TPHQ",
    "TPLPLASTEH",
    "TRACXN",
    "TRANSRAILL",
    "TRANSWORLD",
    "TREEHOUSE",
    "TREJHARA",
    "TREL",
    "TRENT",
    "TRF",
    "TRIDENT",
    "TRIGYN",
    "TRITURBINE",
    "TRIVENI",
    "TRU",
    "TSFINV",
    "TTKHLTCARE",
    "TTKPRESTIG",
    "TTL",
    "TTML",
    "TVSELECT",
    "TVSHLTD",
    "TVSMOTOR",
    "TVSSCS",
    "TVSSRICHAK",
    "TVTODAY",
    "TVVISION",
    "UBL",
    "UCAL",
    "UCOBANK",
    "UDS",
    "UFBL",
    "UFLEX",
    "UFO",
    "UGARSUGAR",
    "UGROCAP",
    "UJJIVANSFB",
    "ULTRACEMCO",
    "UMAEXPORTS",
    "UMESLTD",
    "UMIYA-MRO",
    "UNICHEMLAB",
    "UNIDT",
    "UNIECOM",
    "UNIENTER",
    "UNIINFO",
    "UNIMECH",
    "UNIONBANK",
    "UNIPARTS",
    "UNITDSPR",
    "UNITECH",
    "UNITEDPOLY",
    "UNITEDTEA",
    "UNIVASTU",
    "UNIVCABLES",
    "UNIVPHOTO",
    "UNOMINDA",
    "UPL",
    "URAVIDEF",
    "URJA",
    "USHAMART",
    "USK",
    "UTIAMC",
    "UTKARSHBNK",
    "UTTAMSUGAR",
    "UYFINCORP",
    "V2RETAIL",
    "VADILALIND",
    "VAIBHAVGBL",
    "VAISHALI",
    "VAKRANGEE",
    "VALIANTLAB",
    "VALIANTORG",
    "VARDHACRLC",
    "VARDMNPOLY",
    "VARROC",
    "VASCONEQ",
    "VASWANI",
    "VBL",
    "VCL",
    "VEDL",
    "VEEDOL",
    "VENKEYS",
    "VENTIVE",
    "VENUSPIPES",
    "VENUSREM",
    "VERANDA",
    "VESUVIUS",
    "VETO",
    "VGL",
    "VGUARD",
    "VHL",
    "VHLTD",
    "VIDHIING",
    "VIJAYA",
    "VIJIFIN",
    "VIKASECO",
    "VIKASLIFE",
    "VIMTALABS",
    "VINATIORGA",
    "VINCOFE",
    "VINDHYATEL",
    "VINEETLAB",
    "VINNY",
    "VINYLINDIA",
    "VIPCLOTHNG",
    "VIPIND",
    "VIPULLTD",
    "VIRINCHI",
    "VISAKAIND",
    "VISASTEEL",
    "VISHNU",
    "VISHWARAJ",
    "VITAL",
    "VIVIDHA",
    "VIYASH",
    "VLEGOV",
    "VLSFINANCE",
    "VMART",
    "VMM",
    "VOLTAMP",
    "VOLTAS",
    "VPRPL",
    "VRAJ",
    "VRLLOG",
    "VSSL",
    "VSTIND",
    "VSTL",
    "VSTTILLERS",
    "VTL",
    "WAAREEENER",
    "WAAREERTL",
    "WABAG",
    "WALCHANNAG",
    "WANBURY",
    "WCIL",
    "WEALTH",
    "WEBELSOLAR",
    "WEIZMANIND",
    "WEL",
    "WELCORP",
    "WELENT",
    "WELINV",
    "WELSPUNLIV",
    "WENDT",
    "WESTLIFE",
    "WEWIN",
    "WHEELS",
    "WHIRLPOOL",
    "WILLAMAGOR",
    "WINDLAS",
    "WINDMACHIN",
    "WINSOME",
    "WIPL",
    "WIPRO",
    "WOCKPHARMA",
    "WONDERLA",
    "WORTHPERI",
    "WSI",
    "WSTCSTPAPR",
    "XCHANGING",
    "XELPMOC",
    "XPROINDIA",
    "XTGLOBAL",
    "YASHO",
    "YATHARTH",
    "YATRA",
    "YESBANK",
    "YUKEN",
    "ZAGGLE",
    "ZEEL",
    "ZEELEARN",
    "ZEEMEDIA",
    "ZENITHEXPO",
    "ZENITHSTL",
    "ZENSARTECH",
    "ZENTEC",
    "ZFCVINDIA",
    "ZIMLAB",
    "ZODIAC",
    "ZODIACLOTH",
    "ZOTA",
    "ZUARI",
    "ZUARIIND",
    "ZYDUSLIFE",
    "ZYDUSWELL"
  ],
  "selected_stocks": [
    "TFCILTD",
    "CURAA",
    "CUPID",
    "UNITEDPOLY",
    "BGRENERGY",
    "KRISHANA",
    "TERASOFT",
    "KRISHIVAL",
    "ABINFRA",
    "COMSYN",
    "S&SPOWER",
    "JINDALPHOT",
    "SOMATEX",
    "SIGMAADV",
    "DELHIVERY"
  ],
  "selected_indices": [
    1851,
    419,
    418,
    1939,
    268,
    1019,
    1847,
    1020,
    28,
    393,
    1563,
    909,
    1715,
    1679,
    455
  ],
  "matrices": {
    "covariance_selected": [
      [
        0.2032816295587941,
        0.004348920726956346,
        -0.01350348857387994,
        -0.007686741489306149,
        -0.008527048149995569,
        -0.02562756914811886,
        -0.008444919073819408,
        0.011582379590772915,
        0.014395394238626388,
        -0.0029322992145793623,
        0.014582439965378308,
        0.013522701845499016,
        -0.005228474490943266,
        -0.00598349204081413,
        0.003418559508029067
      ],
      [
        0.004348920726956346,
        0.14323486072135427,
        -0.003983604321968397,
        0.0041811924064947764,
        -0.017059290222049817,
        0.01626419693272555,
        -0.009821198472348504,
        -0.0011154617549780548,
        -0.004519161764602377,
        0.005700353685722062,
        -0.007253032573718681,
        -0.007199762867738303,
        0.022407252010571196,
        0.0022186251136409913,
        -0.0019101515378873815
      ],
      [
        -0.01350348857387994,
        -0.003983604321968397,
        0.20522548543060726,
        0.0032907838802437115,
        0.012804101941513487,
        -0.001497008137002655,
        0.0011826415282606083,
        -0.0056966122838965575,
        0.007648497419692261,
        -0.006987138075561954,
        -0.0036925379373064556,
        -0.017227145531349,
        0.0708665560171124,
        0.01729065440137684,
        0.013848637031431035
      ],
      [
        -0.007686741489306149,
        0.0041811924064947764,
        0.0032907838802437115,
        0.2453103912492971,
        -0.0032992527251599828,
        0.010515855099629993,
        -0.004220837482219501,
        -0.023758173715746563,
        0.028792283527817295,
        -0.00810304122053024,
        0.0077733310122771225,
        -0.027507923118830085,
        -0.00607615482166436,
        0.009956040109455146,
        0.0019827788096415666
      ],
      [
        -0.008527048149995569,
        -0.017059290222049817,
        0.012804101941513487,
        -0.0032992527251599828,
        0.27104662121675116,
        -0.005638155355113524,
        -0.003006721509986,
        -0.0041966698492573095,
        -0.0054455540371053475,
        -0.004479449083893073,
        0.005150507807035751,
        0.009481674329665174,
        -0.007108542954437885,
        0.020028333998045218,
        0.021120435653048115
      ],
      [
        -0.02562756914811886,
        0.01626419693272555,
        -0.001497008137002655,
        0.010515855099629993,
        -0.005638155355113524,
        0.24424521085905296,
        0.003571861783522829,
        0.00551792514698469,
        0.020499360383840447,
        0.0022837728164249588,
        0.007895341855930995,
        0.014390863690217085,
        0.01916153360500026,
        -0.006795218836175065,
        0.005227956033090879
      ],
      [
        -0.008444919073819408,
        -0.009821198472348504,
        0.0011826415282606083,
        -0.004220837482219501,
        -0.003006721509986,
        0.003571861783522829,
        0.1565950835824612,
        -0.0039021171505788737,
        -0.006141669558678851,
        -0.006441672823617185,
        0.006905998337252454,
        0.014904666473626375,
        0.012775476510758593,
        0.02000346467104562,
        0.012355192041692968
      ],
      [
        0.011582379590772915,
        -0.0011154617549780548,
        -0.0056966122838965575,
        -0.023758173715746563,
        -0.0041966698492573095,
        0.00551792514698469,
        -0.0039021171505788737,
        0.12836874940270265,
        -0.002026572170192866,
        -0.0007010931333775429,
        -0.0023329139476285232,
        0.004270904342972055,
        0.014333922242505522,
        -0.010187168054849323,
        -0.008952060550885963
      ],
      [
        0.014395394238626388,
        -0.004519161764602377,
        0.007648497419692261,
        0.028792283527817295,
        -0.0054455540371053475,
        0.020499360383840447,
        -0.006141669558678851,
        -0.002026572170192866,
        0.28848382200758244,
        0.002620733995434777,
        0.012102678957433324,
        -0.0194487169207914,
        0.030703966609283463,
        0.020016191590493837,
        -0.0009547568381833592
      ],
      [
        -0.0029322992145793623,
        0.005700353685722062,
        -0.006987138075561954,
        -0.00810304122053024,
        -0.004479449083893073,
        0.0022837728164249588,
        -0.006441672823617185,
        -0.0007010931333775429,
        0.002620733995434777,
        0.16270202891707186,
        -0.0036089965203009076,
        0.0202178287895605,
        0.004906997946398547,
        0.012019813067432699,
        0.004790197404613653
      ],
      [
        0.014582439965378308,
        -0.007253032573718681,
        -0.0036925379373064556,
        0.0077733310122771225,
        0.005150507807035751,
        0.007895341855930995,
        0.006905998337252454,
        -0.0023329139476285232,
        0.012102678957433324,
        -0.0036089965203009076,
        0.18941864795312957,
        -0.007806772729198709,
        0.018601878101996892,
        0.0007100288500050846,
        0.008829072154709627
      ],
      [
        0.013522701845499016,
        -0.007199762867738303,
        -0.017227145531349,
        -0.027507923118830085,
        0.009481674329665174,
        0.014390863690217085,
        0.014904666473626375,
        0.004270904342972055,
        -0.0194487169207914,
        0.0202178287895605,
        -0.007806772729198709,
        0.28381269904417034,
        -0.0020027078571438228,
        -0.045435853096347886,
        0.008570283183009585
      ],
      [
        -0.005228474490943266,
        0.022407252010571196,
        0.0708665560171124,
        -0.00607615482166436,
        -0.007108542954437885,
        0.01916153360500026,
        0.012775476510758593,
        0.014333922242505522,
        0.030703966609283463,
        0.004906997946398547,
        0.018601878101996892,
        -0.0020027078571438228,
        0.4743301287109796,
        -0.003146165201532408,
        0.0003953868928337907
      ],
      [
        -0.00598349204081413,
        0.0022186251136409913,
        0.01729065440137684,
        0.009956040109455146,
        0.020028333998045218,
        -0.006795218836175065,
        0.02000346467104562,
        -0.010187168054849323,
        0.020016191590493837,
        0.012019813067432699,
        0.0007100288500050846,
        -0.045435853096347886,
        -0.003146165201532408,
        0.23992653621986182,
        0.016291527995008336
      ],
      [
        0.003418559508029067,
        -0.0019101515378873815,
        0.013848637031431035,
        0.0019827788096415666,
        0.021120435653048115,
        0.005227956033090879,
        0.012355192041692968,
        -0.008952060550885963,
        -0.0009547568381833592,
        0.004790197404613653,
        0.008829072154709627,
        0.008570283183009585,
        0.0003953868928337907,
        0.016291527995008336,
        0.11252170641589249
      ]
    ],
    "qubo_selected": [
      [
        -41548.88957689094,
        0.004447786744206365,
        0.005241467990869554,
        -0.0019095136763667183,
        -0.018261991434311384,
        0.08761494739454956,
        -0.0388974338415828,
        0.04099872076768089,
        -0.008800611966579209,
        0.0177906798000105,
        0.024205357914866648,
        0.061407933218566926,
        0.028790788477252777,
        0.05758456705563459,
        0.036954130949965774
      ],
      [
