{
  "scenario_group": "horizon",
  "scenario_name": "Horizon_12M_Train_120M",
  "scenario": {
    "train_start": "2015-03-12",
    "train_end": "2025-03-11",
    "test_start": "2025-03-12",
    "test_end": "2026-03-11",
    "description": "Test=12M, Train=120M ending at latest date"
  },
  "symbols_full": [
    "20MICRONS",
    "3MINDIA",
    "A2ZINFRA",
    "AARTIDRUGS",
    "AARTIIND",
    "ABAN",
    "ABFRL",
    "ACC",
    "ACE",
    "ADANIENT",
    "ADFFOODS",
    "ADOR",
    "ADROITINFO",
    "ADSL",
    "AEGISLOG",
    "AGARIND",
    "AGI",
    "AHLUCONT",
    "AJANTPHARM",
    "AKSHOPTFBR",
    "AKZOINDIA",
    "ALANKIT",
    "ALBERTDAVD",
    "ALEMBICLTD",
    "ALICON",
    "ALKALI",
    "ALKEM",
    "ALKYLAMINE",
    "ALLCARGO",
    "ALLDIGI",
    "AMBIKCO",
    "AMBUJACEM",
    "AMDIND",
    "AMJLAND",
    "ANANTRAJ",
    "ANDHRSUGAR",
    "ANIKINDS",
    "ANKITMETAL",
    "ANSALAPI",
    "ANTELOPUS",
    "ANTGRAPHIC",
    "APARINDS",
    "APCOTEXIND",
    "APOLLOTYRE",
    "APOLSINHOT",
    "APTECHT",
    "ARCHIDPLY",
    "ARIES",
    "ARMANFIN",
    "ARVSMART",
    "ASAHIINDIA",
    "ASAHISONG",
    "ASAL",
    "ASHAPURMIN",
    "ASHIANA",
    "ASHIMASYN",
    "ASHOKLEY",
    "ASIANHOTNR",
    "ASIANTILES",
    "ASPINWALL",
    "ASTEC",
    "ASTRAMICRO",
    "ASTRAZEN",
    "ATLANTAA",
    "ATULAUTO",
    "AURIONPRO",
    "AUROPHARMA",
    "AURUM",
    "AUSOMENT",
    "AUTOAXLES",
    "AVANTIFEED",
    "AVTNPL",
    "AXISBANK",
    "AYMSYNTEX",
    "BAGFILMS",
    "BAJAJ-AUTO",
    "BAJAJCON",
    "BAJAJFINSV",
    "BAJAJHIND",
    "BAJAJHLDNG",
    "BALAMINES",
    "BALKRISIND",
    "BALMLAWRIE",
    "BALPHARMA",
    "BALRAMCHIN",
    "BANARISUG",
    "BANCOINDIA",
    "BANG",
    "BANKBARODA",
    "BANKINDIA",
    "BANSWRAS",
    "BASF",
    "BASML",
    "BATAINDIA",
    "BAYERCROP",
    "BBOX",
    "BBTC",
    "BCG",
    "BEARDSELL",
    "BEDMUTHA",
    "BEL",
    "BEPL",
    "BERGEPAINT",
    "BFINVEST",
    "BFUTILITIE",
    "BGRENERGY",
    "BHAGERIA",
    "BHANDARI",
    "BHARATFORG",
    "BHARTIARTL",
    "BHEL",
    "BIL",
    "BIOCON",
    "BIRLACABLE",
    "BIRLACORPN",
    "BIRLAMONEY",
    "BIRLANU",
    "BLBLIMITED",
    "BLISSGVS",
    "BLS",
    "BLUESTARCO",
    "BOMDYEING",
    "BOSCHLTD",
    "BPCL",
    "BPL",
    "BRIGADE",
    "BROOKS",
    "BSE",
    "BSL",
    "BUTTERFLY",
    "BVCL",
    "BYKE",
    "CALSOFT",
    "CANFINHOME",
    "CANTABIL",
    "CARBORUNIV",
    "CARERATING",
    "CCHHL",
    "CCL",
    "CEATLTD",
    "CELEBRITY",
    "CEMPRO",
    "CENTENKA",
    "CENTRALBK",
    "CERA",
    "CEREBRAINT",
    "CESC",
    "CGPOWER",
    "CHENNPETRO",
    "CIGNITITEC",
    "CINELINE",
    "CIPLA",
    "COALINDIA",
    "COLPAL",
    "COMPINFO",
    "COMPUSOFT",
    "CONSOFINVT",
    "CORDSCABLE",
    "CPCAP",
    "CREST",
    "CROMPTON",
    "CTE",
    "CUB",
    "CUMMINSIND",
    "CYBERTECH",
    "CYIENT",
    "DABUR",
    "DALMIASUG",
    "DAMODARIND",
    "DBL",
    "DBREALTY",
    "DBSTOCKBRO",
    "DCM",
    "DCMSHRIRAM",
    "DCW",
    "DECCANCE",
    "DELTAMAGNT",
    "DENORA",
    "DHAMPURSUG",
    "DHANBANK",
    "DHANUKA",
    "DIVISLAB",
    "DLF",
    "DLINKINDIA",
    "DONEAR",
    "DPSCLTD",
    "DREDGECORP",
    "DSSL",
    "DTIL",
    "DUCON",
    "DVL",
    "DWARKESH",
    "DYNAMATECH",
    "ECLERX",
    "EDELWEISS",
    "EICHERMOT",
    "EIDPARRY",
    "EIMCOELECO",
    "EKC",
    "ELECTCAST",
    "ELGIEQUIP",
    "ELGIRUBCO",
    "EMAMILTD",
    "EMAMIREAL",
    "EMBDL",
    "EMKAY",
    "EMMBI",
    "ENDURANCE",
    "ENGINERSIN",
    "EPL",
    "ESABINDIA",
    "ESCORTS",
    "ESSARSHPNG",
    "ESTER",
    "EVERESTIND",
    "EXCEL",
    "EXIDEIND",
    "FDC",
    "FEDERALBNK",
    "FEL",
    "FELDVR",
    "FIEMIND",
    "FILATEX",
    "FINPIPE",
    "FLEXITUFF",
    "FLFL",
    "FMGOETZE",
    "FMNL",
    "FORTIS",
    "FOSECOIND",
    "GABRIEL",
    "GAEL",
    "GAIL",
    "GALLANTT",
    "GANDHITUBE",
    "GANECOS",
    "GANESHHOU",
    "GARFIBRES",
    "GENESYS",
    "GENUSPAPER",
    "GENUSPOWER",
    "GFLLIMITED",
    "GHCL",
    "GICHSGFIN",
    "GILLANDERS",
    "GINNIFILA",
    "GIPCL",
    "GKWLIMITED",
    "GLAXO",
    "GLENMARK",
    "GLOBUSSPR",
    "GMBREW",
    "GMDCLTD",
    "GMRAIRPORT",
    "GNA",
    "GNFC",
    "GOCLCORP",
    "GODFRYPHLP",
    "GODREJCP",
    "GODREJIND",
    "GOKEX",
    "GOKUL",
    "GOLDENTOBC",
    "GOLDIAM",
    "GOLDTECH",
    "GPPL",
    "GRAPHITE",
    "GREAVESCOT",
    "GREENLAM",
    "GREENPOWER",
    "GRINDWELL",
    "GROBTEA",
    "GRPLTD",
    "GSFC",
    "GSPL",
    "GSS",
    "GTL",
    "GTLINFRA",
    "GUFICBIO",
    "GUJALKALI",
    "GUJGASLTD",
    "GULFOILLUB",
    "GULFPETRO",
    "GVKPIL",
    "GVPIL",
    "GVT&D",
    "HATHWAY",
    "HATSUN",
    "HAVELLS",
    "HCC",
    "HCG",
    "HCL-INSYS",
    "HCLTECH",
    "HDFCBANK",
    "HEADSUP",
    "HEIDELBERG",
    "HERITGFOOD",
    "HEROMOTOCO",
    "HESTERBIO",
    "HEXATRADEX",
    "HGM",
    "HIKAL",
    "HIMATSEIDE",
    "HINDALCO",
    "HINDCOMPOS",
    "HINDCOPPER",
    "HINDPETRO",
    "HINDUNILVR",
    "HINDZINC",
    "HITECHCORP",
    "HITECHGEAR",
    "HMVL",
    "HONDAPOWER",
    "HPL",
    "HSCL",
    "HTMEDIA",
    "HUBTOWN",
    "HUHTAMAKI",
    "IBULLSLTD",
    "ICICIBANK",
    "ICIL",
    "ICRA",
    "IDBI",
    "IDFCFIRSTB",
    "IFBAGRO",
    "IFBIND",
    "IFCI",
    "IGL",
    "IGPL",
    "IIFL",
    "IITL",
    "IL&FSENGG",
    "IMFA",
    "IMPAL",
    "INCREDIBLE",
    "INDBANK",
    "INDIACEM",
    "INDIANB",
    "INDIGO",
    "INDORAMA",
    "INDOTECH",
    "INDOWIND",
    "INDRAMEDCO",
    "INDTERRAIN",
    "INDUSINDBK",
    "INFY",
    "INGERRAND",
    "INSECTICID",
    "INSPIRISYS",
    "INTELLECT",
    "INVENTURE",
    "IOC",
    "IRB",
    "ISFT",
    "ITC",
    "ITDC",
    "ITI",
    "IVC",
    "IZMO",
    "J&KBANK",
    "JAICORPLTD",
    "JAMNAAUTO",
    "JAYAGROGN",
    "JAYBARMARU",
    "JAYNECOIND",
    "JAYSREETEA",
    "JBCHEPHARM",
    "JHS",
    "JINDALSTEL",
    "JINDRILL",
    "JINDWORLD",
    "JISLDVREQS",
    "JISLJALEQS",
    "JKCEMENT",
    "JKIL",
    "JKLAKSHMI",
    "JKTYRE",
    "JMFINANCIL",
    "JOCIL",
    "JPASSOCIAT",
    "JPOLYINVST",
    "JPPOWER",
    "JTEKTINDIA",
    "JUBLFOOD",
    "JUBLPHARMA",
    "JUSTDIAL",
    "JWL",
    "JYOTISTRUC",
    "KAJARIACER",
    "KAKATCEM",
    "KANANIIND",
    "KANORICHEM",
    "KARMAENG",
    "KAUSHALYA",
    "KAVDEFENCE",
    "KAYA",
    "KCP",
    "KCPSUGIND",
    "KECL",
    "KEI",
    "KERNEX",
    "KICL",
    "KILITCH",
    "KINGFA",
    "KIRLOSBROS",
    "KIRLOSENG",
    "KIRLOSIND",
    "KKCL",
    "KMSUGAR",
    "KNRCON",
    "KOHINOOR",
    "KOKUYOCMLN",
    "KOLTEPATIL",
    "KOPRAN",
    "KOTARISUG",
    "KOTHARIPET",
    "KPRMILL",
    "KRBL",
    "KREBSBIO",
    "KRIDHANINF",
    "KSCL",
    "KTKBANK",
    "LALPATHLAB",
    "LAMBODHARA",
    "LAURUSLABS",
    "LFIC",
    "LGBBROSLTD",
    "LINCOLN",
    "LINDEINDIA",
    "LLOYDSENGG",
    "LOKESHMACH",
    "LOTUSEYE",
    "LOVABLE",
    "LPDC",
    "LT",
    "LTFOODS",
    "LTM",
    "LTTS",
    "LUMAXTECH",
    "LUXIND",
    "LYKALABS",
    "LYPSAGEMS",
    "M&M",
    "M&MFIN",
    "MAANALU",
    "MADHAV",
    "MADHUCON",
    "MADRASFERT",
    "MAHABANK",
    "MAHASTEEL",
    "MANAKALUCO",
    "MANAKSIA",
    "MANAKSTEEL",
    "MANALIPETC",
    "MANAPPURAM",
    "MANGLMCEM",
    "MANINFRA",
    "MANUGRAPH",
    "MARALOVER",
    "MARATHON",
    "MARKSANS",
    "MARUTI",
    "MASTEK",
    "MAWANASUG",
    "MAYURUNIQ",
    "MBLINFRA",
    "MCLEODRUSS",
    "MEP",
    "MFSL",
    "MHRIL",
    "MINDACORP",
    "MINDTECK",
    "MIRCELECTR",
    "MIRZAINT",
    "MMFL",
    "MMTC",
    "MOHITIND",
    "MOIL",
    "MOLDTECH",
    "MORARJEE",
    "MOREPENLAB",
    "MOTHERSON",
    "MOTILALOFS",
    "MOTOGENFIN",
    "MPSLTD",
    "MRPL",
    "MSPL",
    "MTNL",
    "MUKANDLTD",
    "MUKTAARTS",
    "MUNJALAU",
    "MUNJALSHOW",
    "MURUDCERA",
    "MUTHOOTCAP",
    "NAGAFERT",
    "NAGREEKEXP",
    "NAHARINDUS",
    "NAHARPOLY",
    "NATCOPHARM",
    "NATHBIOGEN",
    "NATIONALUM",
    "NAVINFLUOR",
    "NAVNETEDUL",
    "NBCC",
    "NBIFIN",
    "NDLVENTURE",
    "NDTV",
    "NECLIFE",
    "NELCAST",
    "NELCO",
    "NESCO",
    "NETWORK18",
    "NEULANDLAB",
    "NFL",
    "NH",
    "NHPC",
    "NIBL",
    "NIITLTD",
    "NILKAMAL",
    "NITCO",
    "NLCINDIA",
    "NOCIL",
    "NOIDATOLL",
    "NRBBEARING",
    "OBEROIRLTY",
    "OFSS",
    "OIL",
    "OILCOUNTUB",
    "OLECTRA",
    "OMAXE",
    "OMINFRAL",
    "ONELIFECAP",
    "ONMOBILE",
    "ORICONENT",
    "ORIENTALTL",
    "ORIENTCEM",
    "ORIENTCER",
    "ORIENTHOT",
    "ORIENTPPR",
    "ORISSAMINE",
    "OSWALGREEN",
    "PAGEIND",
    "PAISALO",
    "PALREDTEC",
    "PANAMAPET",
    "PARACABLES",
    "PARAGMILK",
    "PARSVNATH",
    "PATINTLOG",
    "PCBL",
    "PDMJEPAPER",
    "PDSL",
    "PEARLPOLY",
    "PENIND",
    "PENINLAND",
    "PETRONET",
    "PFC",
    "PFIZER",
    "PFS",
    "PGHL",
    "PGIL",
    "PIDILITIND",
    "PIIND",
    "PILANIINVS",
    "PILITA",
    "PIONEEREMB",
    "PITTIENG",
    "PKTEA",
    "PLASTIBLEN",
    "PNB",
    "PNBGILTS",
    "PNBHOUSING",
    "PNCINFRA",
    "PODDARMENT",
    "POKARNA",
    "POLYMED",
    "POLYPLEX",
    "PONNIERODE",
    "POONAWALLA",
    "POWERGRID",
    "POWERMECH",
    "PPAP",
    "PRAENG",
    "PRAKASH",
    "PRAKASHSTL",
    "PRECAM",
    "PRECWIRE",
    "PREMIER",
    "PRESTIGE",
    "PRIVISCL",
    "PTC",
    "PTL",
    "PUNJABCHEM",
    "PVRINOX",
    "QUESS",
    "QUICKHEAL",
    "RADICO",
    "RAIN",
    "RAJESHEXPO",
    "RAJSREESUG",
    "RAJTV",
    "RALLIS",
    "RAMANEWS",
    "RAMASTEEL",
    "RAMCOCEM",
    "RAMCOSYS",
    "RAMKY",
    "RANASUG",
    "RATNAMANI",
    "RAYMOND",
    "RBLBANK",
    "RCF",
    "RECLTD",
    "REDINGTON",
    "RELAXO",
    "RELIANCE",
    "RENUKA",
    "REPRO",
    "RGL",
    "RICOAUTO",
    "RIIL",
    "RKDL",
    "RKFORGE",
    "ROHLTD",
    "ROLLT",
    "ROSSELLIND",
    "RPGLIFE",
    "RPOWER",
    "RPPINFRA",
    "RSSOFTWARE",
    "RSWM",
    "RSYSTEMS",
    "RTNINDIA",
    "RUBYMILLS",
    "RUCHINFRA",
    "RUCHIRA",
    "RUPA",
    "SADBHAV",
    "SAIL",
    "SAKHTISUG",
    "SAKSOFT",
    "SAKUMA",
    "SALONA",
    "SALSTEEL",
    "SAMBHAAV",
    "SAMMAANCAP",
    "SANCO",
    "SANDESH",
    "SANGAMIND",
    "SARDAEN",
    "SASKEN",
    "SASTASUNDR",
    "SATIN",
    "SCHAEFFLER",
    "SCI",
    "SEAMECLTD",
    "SEMAC",
    "SEPC",
    "SESHAPAPER",
    "SETCO",
    "SETUINFRA",
    "SFL",
    "SGL",
    "SHAH",
    "SHAKTIPUMP",
    "SHALPAINTS",
    "SHARDAMOTR",
    "SHILPAMED",
    "SHIVAMAUTO",
    "SHK",
    "SHOPERSTOP",
    "SHREECEM",
    "SHREEPUSHK",
    "SHREERAMA",
    "SHREYANIND",
    "SHRIPISTON",
    "SHYAMCENT",
    "SIEMENS",
    "SIGMAADV",
    "SIL",
    "SIMBHALS",
    "SIMPLEXINF",
    "SITINET",
    "SIYSIL",
    "SJVN",
    "SKFINDIA",
    "SKIPPER",
    "SMSPHARMA",
    "SNOWMAN",
    "SOBHA",
    "SOLARINDS",
    "SOMANYCERA",
    "SOMATEX",
    "SOMICONVEY",
    "SONATSOFTW",
    "SOTL",
    "SOUTHBANK",
    "SPAL",
    "SPARC",
    "SPECIALITY",
    "SPIC",
    "SPLIL",
    "SPMLINFRA",
    "SREEL",
    "SRF",
    "SRHHYPOLTD",
    "SSWL",
    "STAR",
    "STEL",
    "STERTOOLS",
    "STLTECH",
    "STYRENIX",
    "SUBEXLTD",
    "SUBROS",
    "SUNDARAM",
    "SUNDARMFIN",
    "SUNDRMBRAK",
    "SUNDRMFAST",
    "SUNDROP",
    "SUNFLAG",
    "SUNPHARMA",
    "SUNTV",
    "SUPERHOUSE",
    "SUPERSPIN",
    "SUPRAJIT",
    "SUPREMEIND",
    "SUPREMEINF",
    "SURANASOL",
    "SURYALAXMI",
    "SURYAROSNI",
    "SUZLON",
    "SWARAJENG",
    "SWELECTES",
    "SYNGENE",
    "TAINWALCHM",
    "TAJGVK",
    "TAKE",
    "TANLA",
    "TARIL",
    "TATACHEM",
    "TATACOMM",
    "TATACONSUM",
    "TATAELXSI",
    "TCI",
    "TCIEXP",
    "TCS",
    "TEAMGTY",
    "TEXINFRA",
    "TEXMOPIPES",
    "TFL",
    "TGBHOTELS",
    "THANGAMAYL",
    "THERMAX",
    "TI",
    "TIIL",
    "TIJARIA",
    "TIL",
    "TIMKEN",
    "TIPSMUSIC",
    "TIRUMALCHM",
    "TITAN",
    "TMPV",
    "TNPETRO",
    "TNTELE",
    "TOKYOPLAST",
    "TORNTPHARM",
    "TPLPLASTEH",
    "TRANSWORLD",
    "TREEHOUSE",
    "TRF",
    "TRIDENT",
    "TRIGYN",
    "TRIVENI",
    "TTKHLTCARE",
    "TTKPRESTIG",
    "TTML",
    "TVSELECT",
    "TVSMOTOR",
    "TVTODAY",
    "UBL",
    "UCOBANK",
    "UFLEX",
    "UFO",
    "UGARSUGAR",
    "ULTRACEMCO",
    "UMIYA-MRO",
    "UNICHEMLAB",
    "UNIENTER",
    "UNIONBANK",
    "UNITECH",
    "UNITEDTEA",
    "UNOMINDA",
    "UPL",
    "UTTAMSUGAR",
    "V2RETAIL",
    "VAIBHAVGBL",
    "VAKRANGEE",
    "VARDHACRLC",
    "VASCONEQ",
    "VASWANI",
    "VEEDOL",
    "VENKEYS",
    "VENUSREM",
    "VETO",
    "VGL",
    "VGUARD",
    "VIJIFIN",
    "VIMTALABS",
    "VINATIORGA",
    "VINDHYATEL",
    "VINYLINDIA",
    "VIPIND",
    "VIPULLTD",
    "VISAKAIND",
    "VIYASH",
    "VLSFINANCE",
    "VRLLOG",
    "VSSL",
    "VSTIND",
    "VSTTILLERS",
    "WABAG",
    "WALCHANNAG",
    "WEIZMANIND",
    "WELCORP",
    "WELINV",
    "WELSPUNLIV",
    "WENDT",
    "WEWIN",
    "WHEELS",
    "WHIRLPOOL",
    "WILLAMAGOR",
    "WINDMACHIN",
    "WOCKPHARMA",
    "WONDERLA",
    "WSI",
    "WSTCSTPAPR",
    "XCHANGING",
    "XPROINDIA",
    "YESBANK",
    "ZEEL",
    "ZEELEARN",
    "ZEEMEDIA",
    "ZENSARTECH",
    "ZENTEC",
    "ZFCVINDIA",
    "ZODIACLOTH",
    "ZOTA",
    "ZUARI",
    "ZUARIIND",
    "ZYDUSLIFE"
  ],
  "selected_stocks": [
    "NH",
    "TIPSMUSIC",
    "SOLARINDS",
    "BLUESTARCO",
    "PDSL",
    "NBIFIN",
    "COLPAL",
    "JBCHEPHARM"
  ],
  "selected_indices": [
    514,
    758,
    690,
    120,
    551,
    504,
    153,
    366
  ],
  "matrices": {
    "covariance_selected": [
      [
        0.09244494087262037,
        0.009674881360940774,
        0.013042122047367937,
        0.01012460522265398,
        0.008434619262865452,
        0.00011952031235709026,
        0.005139307706697757,
        0.010271748999207854
      ],
      [
        0.009674881360940774,
        0.2842882442341003,
        0.017472114969256717,
        0.010327532387055714,
        0.026463663459610046,
        0.01850259496604564,
        0.01019168048530142,
        0.01459100923511296
      ],
      [
        0.013042122047367937,
        0.017472114969256717,
        0.09450874038139107,
        0.014442914857345435,
        0.017356487779384908,
        0.009120810901521732,
        0.00789562272621549,
        0.011949226294376199
      ],
      [
        0.01012460522265398,
        0.010327532387055714,
        0.014442914857345435,
        0.1016264021381608,
        0.012689279215248513,
        0.01051946369136224,
        0.0076789178463875655,
        0.014391920225035207
      ],
      [
        0.008434619262865452,
        0.026463663459610046,
        0.017356487779384908,
        0.012689279215248513,
        0.12911562013473663,
        0.01047788545403751,
        0.007055424347364423,
        0.013012711215734794
      ],
      [
        0.00011952031235709026,
        0.01850259496604564,
        0.009120810901521732,
        0.01051946369136224,
        0.01047788545403751,
        0.19946820272339247,
        0.0065212672424985125,
        0.008457444389481128
      ],
      [
        0.005139307706697757,
        0.01019168048530142,
        0.00789562272621549,
        0.0076789178463875655,
        0.007055424347364423,
        0.0065212672424985125,
        0.04810759809573688,
        0.00647279606187854
      ],
      [
        0.010271748999207854,
        0.01459100923511296,
        0.011949226294376199,
        0.014391920225035207,
        0.013012711215734794,
        0.008457444389481128,
        0.00647279606187854,
        0.11153817778303553
      ]
    ],
    "qubo_selected": [
      [
        -16687.66782253306,
        0.033666126139118194,
        0.01465377957476037,
        0.020215280321445348,
        0.017172833228537642,
        0.01785643258037246,
        0.014381247785397892,
        0.018305064807144222
      ],
      [
        0.033666126139118194,
        -16687.70388703742,
        0.019396690094477902,
        0.028783840450070413,
        0.02103892738272448,
        0.02024921044530796,
        0.007518526424150518,
        0.023717283996128023
      ],
      [
        0.01465377957476037,
        0.019396690094477902,
        -16687.578194957052,
        0.01990684226047006,
        0.011158537174625588,
        0.013963892584025599,
        0.002221869889843883,
        0.022646201021627232
      ],
      [
        0.020215280321445348,
        0.028783840450070413,
        0.01990684226047006,
        -16687.727691408345,
        0.016914888778962255,
        0.02054349799841571,
        0.005064694376895461,
        0.03173689922552743
      ],
      [
        0.017172833228537642,
        0.02103892738272448,
        0.011158537174625588,
        0.016914888778962255,
        -16687.624476167108,
        0.00023904062471418052,
        0.003324536867595742,
        0.013738187585107305
      ],
      [
        0.01785643258037246,
        0.02024921044530796,
        0.013963892584025599,
        0.02054349799841571,
        0.00023904062471418052,
        -16687.61066048385,
        0.00524694656533672,
        0.01941164944704986
      ],
      [
        0.014381247785397892,
        0.007518526424150518,
        0.002221869889843883,
        0.005064694376895461,
        0.003324536867595742,
        0.00524694656533672,
        -16687.474191721092,
        0.003904540511981835
      ],
      [
        0.018305064807144222,
        0.023717283996128023,
        0.022646201021627232,
        0.03173689922552743,
        0.013738187585107305,
        0.01941164944704986,
        0.003904540511981835,
        -16687.634941341497
      ]
    ]
  }
}