{
  "scenario_group": "horizon",
  "scenario_name": "Horizon_24M_Train_Expanding",
  "scenario": {
    "train_start": "2011-03-14",
    "train_end": "2024-03-11",
    "test_start": "2024-03-12",
    "test_end": "2026-03-11",
    "description": "Test=24M, Train=expanding from dataset start"
  },
  "symbols_full": [
    "20MICRONS",
    "3MINDIA",
    "A2ZINFRA",
    "AARTIDRUGS",
    "AARTIIND",
    "ABAN",
    "ABFRL",
    "ACC",
    "ACE",
    "ADANIENT",
    "ADFFOODS",
    "ADL",
    "ADOR",
    "ADROITINFO",
    "AEGISLOG",
    "AGI",
    "AHLUCONT",
    "AJANTPHARM",
    "AKSHOPTFBR",
    "AKZOINDIA",
    "ALEMBICLTD",
    "ALICON",
    "ALKALI",
    "ALKYLAMINE",
    "ALLCARGO",
    "ALLDIGI",
    "AMBIKCO",
    "AMBUJACEM",
    "AMDIND",
    "AMJLAND",
    "ANANTRAJ",
    "ANDHRSUGAR",
    "ANTELOPUS",
    "APARINDS",
    "APCOTEXIND",
    "APOLLOTYRE",
    "APTECHT",
    "ARCHIDPLY",
    "ARIES",
    "ASAHIINDIA",
    "ASAHISONG",
    "ASAL",
    "ASHAPURMIN",
    "ASHIANA",
    "ASHIMASYN",
    "ASHOKLEY",
    "ASIANHOTNR",
    "ASIANTILES",
    "ASTEC",
    "ASTRAMICRO",
    "ASTRAZEN",
    "ATLANTAA",
    "ATULAUTO",
    "AURIONPRO",
    "AUROPHARMA",
    "AUSOMENT",
    "AUTOAXLES",
    "AVTNPL",
    "AXISBANK",
    "BAGFILMS",
    "BAJAJ-AUTO",
    "BAJAJCON",
    "BAJAJFINSV",
    "BAJAJHIND",
    "BAJAJHLDNG",
    "BALAMINES",
    "BALKRISIND",
    "BALMLAWRIE",
    "BALPHARMA",
    "BALRAMCHIN",
    "BANARISUG",
    "BANCOINDIA",
    "BANKBARODA",
    "BANKINDIA",
    "BANSWRAS",
    "BASF",
    "BASML",
    "BATAINDIA",
    "BAYERCROP",
    "BBOX",
    "BBTC",
    "BEDMUTHA",
    "BEL",
    "BEPL",
    "BERGEPAINT",
    "BFINVEST",
    "BFUTILITIE",
    "BGRENERGY",
    "BHARATFORG",
    "BHARTIARTL",
    "BHEL",
    "BIL",
    "BIOCON",
    "BIRLACABLE",
    "BIRLACORPN",
    "BIRLANU",
    "BLISSGVS",
    "BLUESTARCO",
    "BOMDYEING",
    "BOSCHLTD",
    "BPCL",
    "BPL",
    "BRIGADE",
    "BROOKS",
    "BSL",
    "CALSOFT",
    "CANFINHOME",
    "CANTABIL",
    "CARBORUNIV",
    "CARERATING",
    "CCL",
    "CEATLTD",
    "CELEBRITY",
    "CEMPRO",
    "CENTENKA",
    "CENTRALBK",
    "CERA",
    "CEREBRAINT",
    "CESC",
    "CGPOWER",
    "CHENNPETRO",
    "CINELINE",
    "CIPLA",
    "COALINDIA",
    "COLPAL",
    "COMPUSOFT",
    "CONSOFINVT",
    "CORDSCABLE",
    "CPCAP",
    "CTE",
    "CUB",
    "CUMMINSIND",
    "CYBERTECH",
    "CYIENT",
    "DABUR",
    "DALMIASUG",
    "DBREALTY",
    "DBSTOCKBRO",
    "DCM",
    "DCMSHRIRAM",
    "DCW",
    "DECCANCE",
    "DELTAMAGNT",
    "DENORA",
    "DHAMPURSUG",
    "DHANBANK",
    "DHANUKA",
    "DIVISLAB",
    "DLF",
    "DLINKINDIA",
    "DONEAR",
    "DPSCLTD",
    "DREDGECORP",
    "DSSL",
    "DUCON",
    "DVL",
    "DWARKESH",
    "DYNAMATECH",
    "ECLERX",
    "EDELWEISS",
    "EICHERMOT",
    "EIDPARRY",
    "EKC",
    "ELECTCAST",
    "ELGIEQUIP",
    "ELGIRUBCO",
    "EMAMILTD",
    "EMBDL",
    "EMKAY",
    "EMMBI",
    "ENGINERSIN",
    "EPL",
    "ESABINDIA",
    "ESCORTS",
    "ESSARSHPNG",
    "ESTER",
    "EVERESTIND",
    "EXCEL",
    "EXIDEIND",
    "FDC",
    "FEDERALBNK",
    "FELDVR",
    "FIEMIND",
    "FILATEX",
    "FINPIPE",
    "FLEXITUFF",
    "FMGOETZE",
    "FMNL",
    "FORTIS",
    "FOSECOIND",
    "GABRIEL",
    "GAEL",
    "GAIL",
    "GALLANTT",
    "GANDHITUBE",
    "GANESHHOU",
    "GARFIBRES",
    "GENESYS",
    "GENUSPOWER",
    "GFLLIMITED",
    "GHCL",
    "GICHSGFIN",
    "GILLANDERS",
    "GINNIFILA",
    "GIPCL",
    "GKWLIMITED",
    "GLAXO",
    "GLENMARK",
    "GLOBUSSPR",
    "GMBREW",
    "GMDCLTD",
    "GMRAIRPORT",
    "GNFC",
    "GOCLCORP",
    "GODFRYPHLP",
    "GODREJCP",
    "GODREJIND",
    "GOKUL",
    "GOLDIAM",
    "GPPL",
    "GRAPHITE",
    "GREAVESCOT",
    "GREENPOWER",
    "GRINDWELL",
    "GSFC",
    "GSPL",
    "GSS",
    "GTL",
    "GTLINFRA",
    "GUFICBIO",
    "GUJALKALI",
    "GUJGASLTD",
    "GULFPETRO",
    "GVKPIL",
    "GVPIL",
    "GVT&D",
    "HATHWAY",
    "HAVELLS",
    "HCC",
    "HCL-INSYS",
    "HCLTECH",
    "HDFCBANK",
    "HEIDELBERG",
    "HERITGFOOD",
    "HEROMOTOCO",
    "HEXATRADEX",
    "HGM",
    "HIKAL",
    "HIMATSEIDE",
    "HINDALCO",
    "HINDCOMPOS",
    "HINDCOPPER",
    "HINDPETRO",
    "HINDUNILVR",
    "HINDZINC",
    "HITECHCORP",
    "HITECHGEAR",
    "HMVL",
    "HONDAPOWER",
    "HSCL",
    "HTMEDIA",
    "HUBTOWN",
    "HUHTAMAKI",
    "IBULLSLTD",
    "ICICIBANK",
    "ICIL",
    "ICRA",
    "IDBI",
    "IFBAGRO",
    "IFBIND",
    "IFCI",
    "IGL",
    "IGPL",
    "IIFL",
    "IITL",
    "IL&FSENGG",
    "IMFA",
    "IMPAL",
    "INDBANK",
    "INDIACEM",
    "INDIANB",
    "INDORAMA",
    "INDOTECH",
    "INDOWIND",
    "INDRAMEDCO",
    "INDTERRAIN",
    "INDUSINDBK",
    "INFY",
    "INGERRAND",
    "INSECTICID",
    "INVENTURE",
    "IOC",
    "IRB",
    "ISFT",
    "ITC",
    "ITI",
    "IVC",
    "IZMO",
    "J&KBANK",
    "JAICORPLTD",
    "JAMNAAUTO",
    "JAYAGROGN",
    "JAYBARMARU",
    "JAYNECOIND",
    "JAYSREETEA",
    "JBCHEPHARM",
    "JINDALSTEL",
    "JINDRILL",
    "JINDWORLD",
    "JISLDVREQS",
    "JISLJALEQS",
    "JKCEMENT",
    "JKIL",
    "JKLAKSHMI",
    "JKTYRE",
    "JMFINANCIL",
    "JOCIL",
    "JPASSOCIAT",
    "JPPOWER",
    "JTEKTINDIA",
    "JUBLFOOD",
    "JUBLPHARMA",
    "JUSTDIAL",
    "JWL",
    "JYOTISTRUC",
    "KAJARIACER",
    "KAKATCEM",
    "KANANIIND",
    "KANORICHEM",
    "KARMAENG",
    "KAUSHALYA",
    "KAVDEFENCE",
    "KCP",
    "KCPSUGIND",
    "KECL",
    "KEI",
    "KHANDSE",
    "KICL",
    "KIRLOSBROS",
    "KIRLOSENG",
    "KIRLOSIND",
    "KKCL",
    "KMSUGAR",
    "KNRCON",
    "KOHINOOR",
    "KOKUYOCMLN",
    "KOLTEPATIL",
    "KOPRAN",
    "KOTARISUG",
    "KOTHARIPET",
    "KPRMILL",
    "KRBL",
    "KSCL",
    "KTKBANK",
    "LGBBROSLTD",
    "LINDEINDIA",
    "LOKESHMACH",
    "LOTUSEYE",
    "LOVABLE",
    "LPDC",
    "LT",
    "LTFOODS",
    "LUMAXTECH",
    "LYKALABS",
    "M&M",
    "M&MFIN",
    "MAANALU",
    "MADHAV",
    "MADHUCON",
    "MAHABANK",
    "MANAKSIA",
    "MANALIPETC",
    "MANAPPURAM",
    "MANGLMCEM",
    "MANINFRA",
    "MANUGRAPH",
    "MARALOVER",
    "MARKSANS",
    "MARUTI",
    "MASTEK",
    "MAWANASUG",
    "MAYURUNIQ",
    "MBLINFRA",
    "MCLEODRUSS",
    "MEDPLUS",
    "MFSL",
    "MHRIL",
    "MINDACORP",
    "MIRCELECTR",
    "MIRZAINT",
    "MMFL",
    "MMTC",
    "MOHITIND",
    "MOIL",
    "MORARJEE",
    "MOREPENLAB",
    "MOTHERSON",
    "MOTILALOFS",
    "MPSLTD",
    "MRPL",
    "MSPL",
    "MTNL",
    "MUKANDLTD",
    "MUKTAARTS",
    "MUNJALAU",
    "MUNJALSHOW",
    "NAGAFERT",
    "NAGREEKEXP",
    "NAHARINDUS",
    "NAHARPOLY",
    "NATCOPHARM",
    "NATIONALUM",
    "NAVINFLUOR",
    "NAVNETEDUL",
    "NBCC",
    "NDLVENTURE",
    "NDTV",
    "NECLIFE",
    "NELCAST",
    "NELCO",
    "NESCO",
    "NETWORK18",
    "NEULANDLAB",
    "NFL",
    "NHPC",
    "NIBL",
    "NIITLTD",
    "NILKAMAL",
    "NITCO",
    "NKIND",
    "NLCINDIA",
    "NOCIL",
    "NOIDATOLL",
    "NRBBEARING",
    "OBEROIRLTY",
    "OFSS",
    "OIL",
    "OILCOUNTUB",
    "OMAXE",
    "OMINFRAL",
    "ONMOBILE",
    "ORIENTCEM",
    "ORIENTCER",
    "ORIENTHOT",
    "ORIENTPPR",
    "ORISSAMINE",
    "PAGEIND",
    "PAISALO",
    "PANAMAPET",
    "PARSVNATH",
    "PATINTLOG",
    "PCBL",
    "PENIND",
    "PENINLAND",
    "PETRONET",
    "PFC",
    "PFIZER",
    "PFS",
    "PGHL",
    "PGIL",
    "PIDILITIND",
    "PIIND",
    "PIONEEREMB",
    "PITTIENG",
    "PLASTIBLEN",
    "PNB",
    "PNBGILTS",
    "POLYMED",
    "POLYPLEX",
    "PONNIERODE",
    "POONAWALLA",
    "POWERGRID",
    "PPAP",
    "PRAENG",
    "PRAKASH",
    "PRAKASHSTL",
    "PRECWIRE",
    "PRESTIGE",
    "PTC",
    "PTL",
    "PUNJABCHEM",
    "PVRINOX",
    "RADICO",
    "RAIN",
    "RAJESHEXPO",
    "RAJSREESUG",
    "RAJTV",
    "RALLIS",
    "RAMANEWS",
    "RAMCOCEM",
    "RAMCOSYS",
    "RAMKY",
    "RANASUG",
    "RATNAMANI",
    "RAYMOND",
    "RCF",
    "RECLTD",
    "REDINGTON",
    "RELAXO",
    "RELIANCE",
    "RENUKA",
    "REPRO",
    "RGL",
    "RICOAUTO",
    "RIIL",
    "RKDL",
    "RKFORGE",
    "ROHLTD",
    "ROSSELLIND",
    "RPGLIFE",
    "RPOWER",
    "RPPINFRA",
    "RSSOFTWARE",
    "RSWM",
    "RSYSTEMS",
    "RTNINDIA",
    "RUBYMILLS",
    "RUCHIRA",
    "RUPA",
    "SADBHAV",
    "SAIL",
    "SAKHTISUG",
    "SAKSOFT",
    "SAKUMA",
    "SAMMAANCAP",
    "SANDESH",
    "SANGAMIND",
    "SARDAEN",
    "SASKEN",
    "SASTASUNDR",
    "SCHAEFFLER",
    "SCI",
    "SEAMECLTD",
    "SEMAC",
    "SEPC",
    "SESHAPAPER",
    "SGL",
    "SHAH",
    "SHAKTIPUMP",
    "SHALPAINTS",
    "SHILPAMED",
    "SHIVAMAUTO",
    "SHOPERSTOP",
    "SHREECEM",
    "SHREERAMA",
    "SHREYANIND",
    "SIEMENS",
    "SIGMAADV",
    "SIMBHALS",
    "SIMPLEXINF",
    "SIYSIL",
    "SJVN",
    "SKFINDIA",
    "SMSPHARMA",
    "SOBHA",
    "SOLARINDS",
    "SOMANYCERA",
    "SONATSOFTW",
    "SOTL",
    "SOUTHBANK",
    "SPARC",
    "SPIC",
    "SPLIL",
    "SRF",
    "SRHHYPOLTD",
    "SSWL",
    "STAR",
    "STEL",
    "STERTOOLS",
    "STLTECH",
    "STYRENIX",
    "SUBEXLTD",
    "SUBROS",
    "SUNDARAM",
    "SUNDARMFIN",
    "SUNDRMBRAK",
    "SUNDRMFAST",
    "SUNDROP",
    "SUNFLAG",
    "SUNPHARMA",
    "SUNTV",
    "SUPERSPIN",
    "SUPRAJIT",
    "SUPREMEIND",
    "SUPREMEINF",
    "SURANASOL",
    "SURYALAXMI",
    "SURYAROSNI",
    "SUZLON",
    "SWARAJENG",
    "SWELECTES",
    "TAINWALCHM",
    "TAJGVK",
    "TAKE",
    "TANLA",
    "TARIL",
    "TATACHEM",
    "TATACOMM",
    "TATACONSUM",
    "TATAELXSI",
    "TCI",
    "TCS",
    "TEXINFRA",
    "TFL",
    "TGBHOTELS",
    "THANGAMAYL",
    "THERMAX",
    "TI",
    "TIIL",
    "TIL",
    "TIMKEN",
    "TIPSMUSIC",
    "TIRUMALCHM",
    "TITAN",
    "TMPV",
    "TNPETRO",
    "TOKYOPLAST",
    "TORNTPHARM",
    "TRANSWORLD",
    "TREEHOUSE",
    "TRF",
    "TRIDENT",
    "TRIGYN",
    "TRIVENI",
    "TTKHLTCARE",
    "TTKPRESTIG",
    "TTML",
    "TVSELECT",
    "TVSMOTOR",
    "TVTODAY",
    "UBL",
    "UCOBANK",
    "UFLEX",
    "UGARSUGAR",
    "ULTRACEMCO",
    "UMIYA-MRO",
    "UNICHEMLAB",
    "UNIENTER",
    "UNIONBANK",
    "UNITECH",
    "UNITEDTEA",
    "UNOMINDA",
    "UPL",
    "UTTAMSUGAR",
    "V2RETAIL",
    "VAKRANGEE",
    "VARDHACRLC",
    "VASCONEQ",
    "VASWANI",
    "VEEDOL",
    "VENKEYS",
    "VENUSREM",
    "VETO",
    "VGUARD",
    "VIMTALABS",
    "VINATIORGA",
    "VINDHYATEL",
    "VINYLINDIA",
    "VIPIND",
    "VIPULLTD",
    "VISAKAIND",
    "VLSFINANCE",
    "VSSL",
    "VSTIND",
    "VSTTILLERS",
    "WABAG",
    "WALCHANNAG",
    "WEIZMANIND",
    "WELCORP",
    "WELINV",
    "WELSPUNLIV",
    "WENDT",
    "WEWIN",
    "WHEELS",
    "WHIRLPOOL",
    "WILLAMAGOR",
    "WINDMACHIN",
    "WOCKPHARMA",
    "WSI",
    "WSTCSTPAPR",
    "XCHANGING",
    "XPROINDIA",
    "YESBANK",
    "ZEEL",
    "ZEELEARN",
    "ZEEMEDIA",
    "ZENSARTECH",
    "ZFCVINDIA",
    "ZODIACLOTH",
    "ZOTA",
    "ZUARI",
    "ZUARIIND",
    "ZYDUSLIFE"
  ],
  "selected_stocks": [
    "CERA",
    "POLYMED",
    "SOLARINDS",
    "AJANTPHARM",
    "SUPREMEIND",
    "SCHAEFFLER",
    "ZFCVINDIA",
    "RELAXO"
  ],
  "selected_indices": [
    116,
    467,
    555,
    17,
    583,
    530,
    687,
    498
  ],
  "matrices": {
    "covariance_selected": [
      [
        0.11675421085043426,
        0.010939635882599415,
        0.012572748664777058,
        0.013897314752555902,
        0.012092550991913363,
        0.010237278304853133,
        0.009381587251933261,
        0.013240405916201282
      ],
      [
        0.010939635882599415,
        0.15883935576472072,
        0.00817848517349131,
        0.012832790379376237,
        0.009178923900241094,
        0.007605345404707512,
        0.003552806819083192,
        0.01306655627921758
      ],
      [
        0.012572748664777058,
        0.00817848517349131,
        0.08292981115773414,
        0.009323702104405888,
        0.009388176308999331,
        0.008892683624723039,
        0.007361735664005697,
        0.010299015407560785
      ],
      [
        0.013897314752555902,
        0.012832790379376237,
        0.009323702104405888,
        0.12651637681985078,
        0.009729523014192625,
        0.007024780963702539,
        0.010161358757853236,
        0.012764182443135283
      ],
      [
        0.012092550991913363,
        0.009178923900241094,
        0.009388176308999331,
        0.009729523014192625,
        0.08492510119313333,
        0.009600329521966008,
        0.012330044799041729,
        0.010291455115471734
      ],
      [
        0.010237278304853133,
        0.007605345404707512,
        0.008892683624723039,
        0.007024780963702539,
        0.009600329521966008,
        0.07651147988884552,
        0.0096901216166698,
        0.008619536876539638
      ],
      [
        0.009381587251933261,
        0.003552806819083192,
        0.007361735664005697,
        0.010161358757853236,
        0.012330044799041729,
        0.0096901216166698,
        0.08473763486280915,
        0.008409380544032487
      ],
      [
        0.013240405916201282,
        0.01306655627921758,
        0.010299015407560785,
        0.012764182443135283,
        0.010291455115471734,
        0.008619536876539638,
        0.008409380544032487,
        0.12480388892543202
      ]
    ],
    "qubo_selected": [
      [
        -13743.993545435158,
        0.02082794685551929,
        0.02187927176519883,
        0.026480811832402563,
        0.020474556609706266,
        0.021520554634066175,
        0.01585569594297786,
        0.018763174503866522
      ],
      [
        0.02082794685551929,
        -13743.934219113708,
        0.021426921566397233,
        0.022753404403844907,
        0.023916374578634922,
        0.022360553420711304,
        0.01569348271271511,
        0.018628146293859716
      ],
      [
        0.02187927176519883,
        0.021426921566397233,
        -13743.967972733675,
        0.02613311255843516,
        0.015210690809415024,
        0.017240556508010912,
        0.01734540663483816,
        0.007105613638166384
      ],
      [
        0.026480811832402563,
        0.022753404403844907,
        0.02613311255843516,
        -13744.004459522503,
        0.017239073753079277,
        0.020506634336820238,
        0.01868860613735204,
        0.016818761088064973
      ],
      [
        0.020474556609706266,
        0.023916374578634922,
        0.015210690809415024,
        0.017239073753079277,
        -13743.939196191986,
        0.01732642343581869,
        0.013465826573682432,
        0.0193802432333396
      ],
      [
        0.021520554634066175,
        0.022360553420711304,
        0.017240556508010912,
        0.020506634336820238,
        0.01732642343581869,
        -13743.933811165201,
        0.010908945314470427,
        0.020858059670878205
      ],
      [
        0.01585569594297786,
        0.01569348271271511,
        0.01734540663483816,
        0.01868860613735204,
        0.013465826573682432,
        0.010908945314470427,
        -13743.949299209213,
        0.013213717900837172
      ],
      [
        0.018763174503866522,
        0.018628146293859716,
        0.007105613638166384,
        0.016818761088064973,
        0.0193802432333396,
        0.020858059670878205,
        0.013213717900837172,
        -13743.92038554572
      ]
    ]
  }
}