{
  "scenario_group": "horizon",
  "scenario_name": "Horizon_12M_Train_Expanding",
  "scenario": {
    "train_start": "2011-03-14",
    "train_end": "2025-03-11",
    "test_start": "2025-03-12",
    "test_end": "2026-03-11",
    "description": "Test=12M, Train=expanding from dataset start"
  },
  "symbols_full": [
    "20MICRONS",
    "3MINDIA",
    "A2ZINFRA",
    "AARTIDRUGS",
    "AARTIIND",
    "ABAN",
    "ABFRL",
    "ACC",
    "ACE",
    "ADANIENT",
    "ADFFOODS",
    "ADL",
    "ADOR",
    "ADROITINFO",
    "AEGISLOG",
    "AGI",
    "AHLUCONT",
    "AJANTPHARM",
    "AKSHOPTFBR",
    "AKZOINDIA",
    "ALEMBICLTD",
    "ALICON",
    "ALKALI",
    "ALKYLAMINE",
    "ALLCARGO",
    "ALLDIGI",
    "AMBIKCO",
    "AMBUJACEM",
    "AMDIND",
    "AMJLAND",
    "ANANTRAJ",
    "ANDHRSUGAR",
    "ANTELOPUS",
    "APARINDS",
    "APCOTEXIND",
    "APOLLOTYRE",
    "APTECHT",
    "ARCHIDPLY",
    "ARIES",
    "ASAHIINDIA",
    "ASAHISONG",
    "ASAL",
    "ASHAPURMIN",
    "ASHIANA",
    "ASHIMASYN",
    "ASHOKLEY",
    "ASIANHOTNR",
    "ASIANTILES",
    "ASTEC",
    "ASTRAMICRO",
    "ASTRAZEN",
    "ATLANTAA",
    "ATULAUTO",
    "AURIONPRO",
    "AUROPHARMA",
    "AUSOMENT",
    "AUTOAXLES",
    "AVTNPL",
    "AXISBANK",
    "BAGFILMS",
    "BAJAJ-AUTO",
    "BAJAJCON",
    "BAJAJFINSV",
    "BAJAJHIND",
    "BAJAJHLDNG",
    "BALAMINES",
    "BALKRISIND",
    "BALMLAWRIE",
    "BALPHARMA",
    "BALRAMCHIN",
    "BANARISUG",
    "BANCOINDIA",
    "BANKBARODA",
    "BANKINDIA",
    "BANSWRAS",
    "BASF",
    "BASML",
    "BATAINDIA",
    "BAYERCROP",
    "BBOX",
    "BBTC",
    "BEDMUTHA",
    "BEL",
    "BEPL",
    "BERGEPAINT",
    "BFINVEST",
    "BFUTILITIE",
    "BGRENERGY",
    "BHARATFORG",
    "BHARTIARTL",
    "BHEL",
    "BIL",
    "BIOCON",
    "BIRLACABLE",
    "BIRLACORPN",
    "BIRLANU",
    "BLISSGVS",
    "BLUESTARCO",
    "BOMDYEING",
    "BOSCHLTD",
    "BPCL",
    "BPL",
    "BRIGADE",
    "BROOKS",
    "BSL",
    "CALSOFT",
    "CANFINHOME",
    "CANTABIL",
    "CARBORUNIV",
    "CARERATING",
    "CCL",
    "CEATLTD",
    "CELEBRITY",
    "CEMPRO",
    "CENTENKA",
    "CENTRALBK",
    "CERA",
    "CEREBRAINT",
    "CESC",
    "CGPOWER",
    "CHENNPETRO",
    "CINELINE",
    "CIPLA",
    "COALINDIA",
    "COLPAL",
    "COMPUSOFT",
    "CONSOFINVT",
    "CORDSCABLE",
    "CPCAP",
    "CTE",
    "CUB",
    "CUMMINSIND",
    "CYBERTECH",
    "CYIENT",
    "DABUR",
    "DALMIASUG",
    "DBREALTY",
    "DBSTOCKBRO",
    "DCM",
    "DCMSHRIRAM",
    "DCW",
    "DECCANCE",
    "DELTAMAGNT",
    "DENORA",
    "DHAMPURSUG",
    "DHANBANK",
    "DHANUKA",
    "DIVISLAB",
    "DLF",
    "DLINKINDIA",
    "DONEAR",
    "DPSCLTD",
    "DREDGECORP",
    "DSSL",
    "DUCON",
    "DVL",
    "DWARKESH",
    "DYNAMATECH",
    "ECLERX",
    "EDELWEISS",
    "EICHERMOT",
    "EIDPARRY",
    "EKC",
    "ELECTCAST",
    "ELGIEQUIP",
    "ELGIRUBCO",
    "EMAMILTD",
    "EMBDL",
    "EMKAY",
    "EMMBI",
    "ENGINERSIN",
    "EPL",
    "ESABINDIA",
    "ESCORTS",
    "ESSARSHPNG",
    "ESTER",
    "EVERESTIND",
    "EXCEL",
    "EXIDEIND",
    "FDC",
    "FEDERALBNK",
    "FELDVR",
    "FIEMIND",
    "FILATEX",
    "FINPIPE",
    "FLEXITUFF",
    "FLFL",
    "FMGOETZE",
    "FMNL",
    "FORTIS",
    "FOSECOIND",
    "GABRIEL",
    "GAEL",
    "GAIL",
    "GALLANTT",
    "GANDHITUBE",
    "GANESHHOU",
    "GARFIBRES",
    "GENESYS",
    "GENUSPOWER",
    "GFLLIMITED",
    "GHCL",
    "GICHSGFIN",
    "GILLANDERS",
    "GINNIFILA",
    "GIPCL",
    "GKWLIMITED",
    "GLAXO",
    "GLENMARK",
    "GLOBUSSPR",
    "GMBREW",
    "GMDCLTD",
    "GMRAIRPORT",
    "GNFC",
    "GOCLCORP",
    "GODFRYPHLP",
    "GODREJCP",
    "GODREJIND",
    "GOKUL",
    "GOLDIAM",
    "GPPL",
    "GRAPHITE",
    "GREAVESCOT",
    "GREENPOWER",
    "GRINDWELL",
    "GSFC",
    "GSPL",
    "GSS",
    "GTL",
    "GTLINFRA",
    "GUFICBIO",
    "GUJALKALI",
    "GUJGASLTD",
    "GULFPETRO",
    "GVKPIL",
    "GVPIL",
    "GVT&D",
    "HATHWAY",
    "HAVELLS",
    "HCC",
    "HCL-INSYS",
    "HCLTECH",
    "HDFCBANK",
    "HEIDELBERG",
    "HERITGFOOD",
    "HEROMOTOCO",
    "HEXATRADEX",
    "HGM",
    "HIKAL",
    "HIMATSEIDE",
    "HINDALCO",
    "HINDCOMPOS",
    "HINDCOPPER",
    "HINDPETRO",
    "HINDUNILVR",
    "HINDZINC",
    "HITECHCORP",
    "HITECHGEAR",
    "HMVL",
    "HONDAPOWER",
    "HSCL",
    "HTMEDIA",
    "HUBTOWN",
    "HUHTAMAKI",
    "IBULLSLTD",
    "ICICIBANK",
    "ICIL",
    "ICRA",
    "IDBI",
    "IFBAGRO",
    "IFBIND",
    "IFCI",
    "IGL",
    "IGPL",
    "IIFL",
    "IITL",
    "IL&FSENGG",
    "IMFA",
    "IMPAL",
    "INDBANK",
    "INDIACEM",
    "INDIANB",
    "INDORAMA",
    "INDOTECH",
    "INDOWIND",
    "INDRAMEDCO",
    "INDTERRAIN",
    "INDUSINDBK",
    "INFY",
    "INGERRAND",
    "INSECTICID",
    "INVENTURE",
    "IOC",
    "IRB",
    "ISFT",
    "ITC",
    "ITI",
    "IVC",
    "IZMO",
    "J&KBANK",
    "JAICORPLTD",
    "JAMNAAUTO",
    "JAYAGROGN",
    "JAYBARMARU",
    "JAYNECOIND",
    "JAYSREETEA",
    "JBCHEPHARM",
    "JINDALSTEL",
    "JINDRILL",
    "JINDWORLD",
    "JISLDVREQS",
    "JISLJALEQS",
    "JKCEMENT",
    "JKIL",
    "JKLAKSHMI",
    "JKTYRE",
    "JMFINANCIL",
    "JOCIL",
    "JPASSOCIAT",
    "JPPOWER",
    "JTEKTINDIA",
    "JUBLFOOD",
    "JUBLPHARMA",
    "JUSTDIAL",
    "JWL",
    "JYOTISTRUC",
    "KAJARIACER",
    "KAKATCEM",
    "KANANIIND",
    "KANORICHEM",
    "KARMAENG",
    "KAUSHALYA",
    "KAVDEFENCE",
    "KCP",
    "KCPSUGIND",
    "KECL",
    "KEI",
    "KHANDSE",
    "KICL",
    "KIRLOSBROS",
    "KIRLOSENG",
    "KIRLOSIND",
    "KKCL",
    "KMSUGAR",
    "KNRCON",
    "KOHINOOR",
    "KOKUYOCMLN",
    "KOLTEPATIL",
    "KOPRAN",
    "KOTARISUG",
    "KOTHARIPET",
    "KPRMILL",
    "KRBL",
    "KSCL",
    "KTKBANK",
    "LGBBROSLTD",
    "LINDEINDIA",
    "LOKESHMACH",
    "LOTUSEYE",
    "LOVABLE",
    "LPDC",
    "LT",
    "LTFOODS",
    "LUMAXTECH",
    "LYKALABS",
    "LYPSAGEMS",
    "M&M",
    "M&MFIN",
    "MAANALU",
    "MADHAV",
    "MADHUCON",
    "MAHABANK",
    "MANAKSIA",
    "MANALIPETC",
    "MANAPPURAM",
    "MANGLMCEM",
    "MANINFRA",
    "MANUGRAPH",
    "MARALOVER",
    "MARKSANS",
    "MARUTI",
    "MASTEK",
    "MAWANASUG",
    "MAYURUNIQ",
    "MBLINFRA",
    "MCLEODRUSS",
    "MEDPLUS",
    "MFSL",
    "MHRIL",
    "MINDACORP",
    "MIRCELECTR",
    "MIRZAINT",
    "MMFL",
    "MMTC",
    "MOHITIND",
    "MOIL",
    "MORARJEE",
    "MOREPENLAB",
    "MOTHERSON",
    "MOTILALOFS",
    "MPSLTD",
    "MRPL",
    "MSPL",
    "MTNL",
    "MUKANDLTD",
    "MUKTAARTS",
    "MUNJALAU",
    "MUNJALSHOW",
    "NAGAFERT",
    "NAGREEKEXP",
    "NAHARINDUS",
    "NAHARPOLY",
    "NATCOPHARM",
    "NATIONALUM",
    "NAVINFLUOR",
    "NAVNETEDUL",
    "NBCC",
    "NDLVENTURE",
    "NDTV",
    "NECLIFE",
    "NELCAST",
    "NELCO",
    "NESCO",
    "NETWORK18",
    "NEULANDLAB",
    "NFL",
    "NHPC",
    "NIBL",
    "NIITLTD",
    "NILKAMAL",
    "NITCO",
    "NKIND",
    "NLCINDIA",
    "NOCIL",
    "NOIDATOLL",
    "NRBBEARING",
    "OBEROIRLTY",
    "OFSS",
    "OIL",
    "OILCOUNTUB",
    "OMAXE",
    "OMINFRAL",
    "ONMOBILE",
    "ORIENTCEM",
    "ORIENTCER",
    "ORIENTHOT",
    "ORIENTPPR",
    "ORISSAMINE",
    "PAGEIND",
    "PAISALO",
    "PANAMAPET",
    "PARSVNATH",
    "PATINTLOG",
    "PCBL",
    "PENIND",
    "PENINLAND",
    "PETRONET",
    "PFC",
    "PFIZER",
    "PFS",
    "PGHL",
    "PGIL",
    "PIDILITIND",
    "PIIND",
    "PIONEEREMB",
    "PITTIENG",
    "PLASTIBLEN",
    "PNB",
    "PNBGILTS",
    "POLYMED",
    "POLYPLEX",
    "PONNIERODE",
    "POONAWALLA",
    "POWERGRID",
    "PPAP",
    "PRAENG",
    "PRAKASH",
    "PRAKASHSTL",
    "PRECWIRE",
    "PRESTIGE",
    "PTC",
    "PTL",
    "PUNJABCHEM",
    "PVRINOX",
    "RADICO",
    "RAIN",
    "RAJESHEXPO",
    "RAJSREESUG",
    "RAJTV",
    "RALLIS",
    "RAMANEWS",
    "RAMCOCEM",
    "RAMCOSYS",
    "RAMKY",
    "RANASUG",
    "RATNAMANI",
    "RAYMOND",
    "RCF",
    "RECLTD",
    "REDINGTON",
    "RELAXO",
    "RELIANCE",
    "RENUKA",
    "REPRO",
    "RGL",
    "RICOAUTO",
    "RIIL",
    "RKDL",
    "RKFORGE",
    "ROHLTD",
    "ROSSELLIND",
    "RPGLIFE",
    "RPOWER",
    "RPPINFRA",
    "RSSOFTWARE",
    "RSWM",
    "RSYSTEMS",
    "RTNINDIA",
    "RUBYMILLS",
    "RUCHIRA",
    "RUPA",
    "SADBHAV",
    "SAIL",
    "SAKHTISUG",
    "SAKSOFT",
    "SAKUMA",
    "SAMMAANCAP",
    "SANDESH",
    "SANGAMIND",
    "SARDAEN",
    "SASKEN",
    "SASTASUNDR",
    "SCHAEFFLER",
    "SCI",
    "SEAMECLTD",
    "SEMAC",
    "SEPC",
    "SESHAPAPER",
    "SGL",
    "SHAH",
    "SHAKTIPUMP",
    "SHALPAINTS",
    "SHILPAMED",
    "SHIVAMAUTO",
    "SHOPERSTOP",
    "SHREECEM",
    "SHREERAMA",
    "SHREYANIND",
    "SIEMENS",
    "SIGMAADV",
    "SIMBHALS",
    "SIMPLEXINF",
    "SIYSIL",
    "SJVN",
    "SKFINDIA",
    "SMSPHARMA",
    "SOBHA",
    "SOLARINDS",
    "SOMANYCERA",
    "SONATSOFTW",
    "SOTL",
    "SOUTHBANK",
    "SPARC",
    "SPIC",
    "SPLIL",
    "SRF",
    "SRHHYPOLTD",
    "SSWL",
    "STAR",
    "STEL",
    "STERTOOLS",
    "STLTECH",
    "STYRENIX",
    "SUBEXLTD",
    "SUBROS",
    "SUNDARAM",
    "SUNDARMFIN",
    "SUNDRMBRAK",
    "SUNDRMFAST",
    "SUNDROP",
    "SUNFLAG",
    "SUNPHARMA",
    "SUNTV",
    "SUPERSPIN",
    "SUPRAJIT",
    "SUPREMEIND",
    "SUPREMEINF",
    "SURANASOL",
    "SURYALAXMI",
    "SURYAROSNI",
    "SUZLON",
    "SWARAJENG",
    "SWELECTES",
    "TAINWALCHM",
    "TAJGVK",
    "TAKE",
    "TANLA",
    "TARIL",
    "TATACHEM",
    "TATACOMM",
    "TATACONSUM",
    "TATAELXSI",
    "TCI",
    "TCS",
    "TEXINFRA",
    "TFL",
    "TGBHOTELS",
    "THANGAMAYL",
    "THERMAX",
    "TI",
    "TIIL",
    "TIL",
    "TIMKEN",
    "TIPSMUSIC",
    "TIRUMALCHM",
    "TITAN",
    "TMPV",
    "TNPETRO",
    "TOKYOPLAST",
    "TORNTPHARM",
    "TRANSWORLD",
    "TREEHOUSE",
    "TRF",
    "TRIDENT",
    "TRIGYN",
    "TRIVENI",
    "TTKHLTCARE",
    "TTKPRESTIG",
    "TTML",
    "TVSELECT",
    "TVSMOTOR",
    "TVTODAY",
    "UBL",
    "UCOBANK",
    "UFLEX",
    "UGARSUGAR",
    "ULTRACEMCO",
    "UMIYA-MRO",
    "UNICHEMLAB",
    "UNIENTER",
    "UNIONBANK",
    "UNITECH",
    "UNITEDTEA",
    "UNOMINDA",
    "UPL",
    "UTTAMSUGAR",
    "V2RETAIL",
    "VAKRANGEE",
    "VARDHACRLC",
    "VASCONEQ",
    "VASWANI",
    "VEEDOL",
    "VENKEYS",
    "VENUSREM",
    "VETO",
    "VGUARD",
    "VIMTALABS",
    "VINATIORGA",
    "VINDHYATEL",
    "VINYLINDIA",
    "VIPIND",
    "VIPULLTD",
    "VISAKAIND",
    "VLSFINANCE",
    "VSSL",
    "VSTIND",
    "VSTTILLERS",
    "WABAG",
    "WALCHANNAG",
    "WEIZMANIND",
    "WELCORP",
    "WELINV",
    "WELSPUNLIV",
    "WENDT",
    "WEWIN",
    "WHEELS",
    "WHIRLPOOL",
    "WILLAMAGOR",
    "WINDMACHIN",
    "WOCKPHARMA",
    "WSI",
    "WSTCSTPAPR",
    "XCHANGING",
    "XPROINDIA",
    "YESBANK",
    "ZEEL",
    "ZEELEARN",
    "ZEEMEDIA",
    "ZENSARTECH",
    "ZFCVINDIA",
    "ZODIACLOTH",
    "ZOTA",
    "ZUARI",
    "ZUARIIND",
    "ZYDUSLIFE"
  ],
  "selected_stocks": [
    "SOLARINDS",
    "AJANTPHARM",
    "HINDUNILVR",
    "TORNTPHARM",
    "SCHAEFFLER",
    "POLYMED",
    "CERA",
    "RATNAMANI"
  ],
  "selected_indices": [
    557,
    17,
    254,
    619,
    532,
    469,
    116,
    495
  ],
  "matrices": {
    "covariance_selected": [
      [
        0.0895805264921782,
        0.009559331788312662,
        0.004698733144570178,
        0.00958401731438294,
        0.011788646258230768,
        0.010095583005393082,
        0.013525158726792608,
        0.012723734023590644
      ],
      [
        0.009559331788312662,
        0.12668189797013477,
        0.006726653246764165,
        0.017079970933854254,
        0.007538031997871182,
        0.012001030395774173,
        0.01365357306844807,
        0.012049516633795896
      ],
      [
        0.004698733144570178,
        0.006726653246764165,
        0.05403167562038418,
        0.009482166245459315,
        0.004537298405674481,
        0.005524029151209095,
        0.006919275581937254,
        0.005035469827927595
      ],
      [
        0.00958401731438294,
        0.017079970933854254,
        0.009482166245459315,
        0.07751454892783664,
        0.006672703066683629,
        0.008680628966039524,
        0.0077745644637004915,
        0.008597452809681709
      ],
      [
        0.011788646258230768,
        0.007538031997871182,
        0.004537298405674481,
        0.006672703066683629,
        0.07960826646786752,
        0.008847063485338102,
        0.011087677354894682,
        0.010978906328746678
      ],
      [
        0.010095583005393082,
        0.012001030395774173,
        0.005524029151209095,
        0.008680628966039524,
        0.008847063485338102,
        0.16100142436310333,
        0.01162593590449487,
        0.014284976972764188
      ],
      [
        0.013525158726792608,
        0.01365357306844807,
        0.006919275581937254,
        0.0077745644637004915,
        0.011087677354894682,
        0.01162593590449487,
        0.1172653680769082,
        0.012934542014787538
      ],
      [
        0.012723734023590644,
        0.012049516633795896,
        0.005035469827927595,
        0.008597452809681709,
        0.010978906328746678,
        0.014284976972764188,
        0.012934542014787538,
        0.11257387283587411
      ]
    ],
    "qubo_selected": [
      [
        -13781.545646237788,
        0.022480679870061106,
        0.02730714613689614,
        0.019199173595400663,
        0.01345330649352833,
        0.024002060791548346,
        0.019118663576625325,
        0.03415994186770851
      ],
      [
        0.022480679870061106,
        -13781.405220820923,
        0.019069375521687044,
        0.012367118440982304,
        0.013611366870169157,
        0.0233891751184326,
        0.021257867927579395,
        0.01593935893704802
      ],
      [
        0.02730714613689614,
        0.019069375521687044,
        -13781.446677220636,
        0.02075142511706009,
        0.013838551163874509,
        0.02325187180898974,
        0.027050317453585215,
        0.015549128927400983
      ],
      [
        0.019199173595400663,
        0.012367118440982304,
        0.02075142511706009,
        -13781.401528952507,
        0.022852810180794752,
        0.015755563511057315,
        0.014681566606713463,
        0.01886183148344275
      ],
      [
        0.01345330649352833,
        0.013611366870169157,
        0.013838551163874509,
        0.022852810180794752,
        -13781.373413684052,
        0.01104805830241819,
        0.009397466289140356,
        0.01896433249091863
      ],
      [
        0.024002060791548346,
        0.0233891751184326,
        0.02325187180898974,
        0.015755563511057315,
        0.01104805830241819,
        -13781.472419801583,
        0.020191166010786164,
        0.017361257932079047
      ],
      [
        0.019118663576625325,
        0.021257867927579395,
        0.027050317453585215,
        0.014681566606713463,
        0.009397466289140356,
        0.020191166010786164,
        -13781.523641470485,
        0.01916803462876588
      ],
      [
        0.03415994186770851,
        0.01593935893704802,
        0.015549128927400983,
        0.01886183148344275,
        0.01896433249091863,
        0.017361257932079047,
        0.01916803462876588,
        -13781.442027968122
      ]
    ]
  }
}