{
  "scenario_group": "crash",
  "scenario_name": "China Bubble Burst Peak",
  "scenario": {
    "train_start": "2014-06-12",
    "train_end": "2015-06-11",
    "test_start": "2015-06-12",
    "test_end": "2015-09-30",
    "description": "12M train before China crash, test peak drawdown months"
  },
  "symbols_full": [
    "20MICRONS",
    "3MINDIA",
    "63MOONS",
    "A2ZINFRA",
    "AARTIDRUGS",
    "AARTIIND",
    "ABAN",
    "ABB",
    "ABBOTINDIA",
    "ABFRL",
    "ABREL",
    "ACC",
    "ACCELYA",
    "ACE",
    "ADANIENT",
    "ADANIPORTS",
    "ADFFOODS",
    "ADL",
    "ADOR",
    "ADVANIHOTR",
    "AEGISLOG",
    "AGI",
    "AGRITECH",
    "AHLEAST",
    "AHLUCONT",
    "AIAENG",
    "AJANTPHARM",
    "AKSHOPTFBR",
    "AKZOINDIA",
    "ALEMBICLTD",
    "ALICON",
    "ALKALI",
    "ALKYLAMINE",
    "ALLCARGO",
    "ALLDIGI",
    "ALPHAGEO",
    "AMBIKCO",
    "AMBUJACEM",
    "AMDIND",
    "AMJLAND",
    "AMRUTANJAN",
    "ANANTRAJ",
    "ANDHRSUGAR",
    "ANKITMETAL",
    "ANTELOPUS",
    "APARINDS",
    "APCOTEXIND",
    "APLAPOLLO",
    "APLLTD",
    "APOLLOHOSP",
    "APOLLOTYRE",
    "APTECHT",
    "ARCHIDPLY",
    "ARCHIES",
    "ARE&M",
    "ARIES",
    "AROGRANITE",
    "ARVIND",
    "ASAHIINDIA",
    "ASAHISONG",
    "ASAL",
    "ASHAPURMIN",
    "ASHIANA",
    "ASHIMASYN",
    "ASHOKA",
    "ASHOKLEY",
    "ASIANHOTNR",
    "ASIANPAINT",
    "ASIANTILES",
    "ASTEC",
    "ASTRAL",
    "ASTRAMICRO",
    "ASTRAZEN",
    "ATLANTAA",
    "ATUL",
    "ATULAUTO",
    "AURIONPRO",
    "AUROPHARMA",
    "AUSOMENT",
    "AUTOAXLES",
    "AUTOIND",
    "AVTNPL",
    "AXISBANK",
    "AXISCADES",
    "BAGFILMS",
    "BAJAJ-AUTO",
    "BAJAJCON",
    "BAJAJELEC",
    "BAJAJFINSV",
    "BAJAJHIND",
    "BAJAJHLDNG",
    "BALAJITELE",
    "BALAMINES",
    "BALKRISIND",
    "BALMLAWRIE",
    "BALPHARMA",
    "BALRAMCHIN",
    "BANARISUG",
    "BANCOINDIA",
    "BANKBARODA",
    "BANKINDIA",
    "BANSWRAS",
    "BASF",
    "BASML",
    "BATAINDIA",
    "BAYERCROP",
    "BBOX",
    "BBTC",
    "BEDMUTHA",
    "BEL",
    "BEPL",
    "BERGEPAINT",
    "BFINVEST",
    "BFUTILITIE",
    "BGRENERGY",
    "BHARATFORG",
    "BHARATGEAR",
    "BHARTIARTL",
    "BHEL",
    "BIL",
    "BILVYAPAR",
    "BIOCON",
    "BIRLACABLE",
    "BIRLACORPN",
    "BIRLANU",
    "BLISSGVS",
    "BLKASHYAP",
    "BLUEDART",
    "BLUESTARCO",
    "BODALCHEM",
    "BOMDYEING",
    "BOSCH-HCIL",
    "BOSCHLTD",
    "BPCL",
    "BPL",
    "BRIGADE",
    "BRITANNIA",
    "BROOKS",
    "BSL",
    "BSOFT",
    "BUTTERFLY",
    "CANFINHOME",
    "CANTABIL",
    "CAPLIPOINT",
    "CARBORUNIV",
    "CARERATING",
    "CASTROLIND",
    "CCL",
    "CEATLTD",
    "CELEBRITY",
    "CEMPRO",
    "CENTENKA",
    "CENTRALBK",
    "CENTUM",
    "CENTURYPLY",
    "CERA",
    "CEREBRAINT",
    "CESC",
    "CGPOWER",
    "CHAMBLFERT",
    "CHENNPETRO",
    "CHOLAFIN",
    "CIEINDIA",
    "CINELINE",
    "CIPLA",
    "COALINDIA",
    "COLPAL",
    "COMPUSOFT",
    "CONCOR",
    "CONSOFINVT",
    "CORDSCABLE",
    "COROMANDEL",
    "COSMOFIRST",
    "COUNCODOS",
    "CPCAP",
    "CREATIVEYE",
    "CRISIL",
    "CTE",
    "CUB",
    "CUMMINSIND",
    "CYBERTECH",
    "CYIENT",
    "DABUR",
    "DALMIASUG",
    "DATAMATICS",
    "DBCORP",
    "DBREALTY",
    "DBSTOCKBRO",
    "DCBBANK",
    "DCM",
    "DCMSHRIRAM",
    "DCW",
    "DECCANCE",
    "DEEPAKFERT",
    "DEEPAKNTR",
    "DELTACORP",
    "DELTAMAGNT",
    "DEN",
    "DENORA",
    "DHAMPURSUG",
    "DHANBANK",
    "DHANUKA",
    "DHUNINV",
    "DICIND",
    "DIGISPICE",
    "DISHTV",
    "DIVISLAB",
    "DLF",
    "DLINKINDIA",
    "DONEAR",
    "DPSCLTD",
    "DRCSYSTEMS",
    "DREDGECORP",
    "DSSL",
    "DUCON",
    "DVL",
    "DWARKESH",
    "DYNAMATECH",
    "ECLERX",
    "EDELWEISS",
    "EICHERMOT",
    "EIDPARRY",
    "EIHAHOTELS",
    "EIHOTEL",
    "EKC",
    "ELECTCAST",
    "ELECTHERM",
    "ELGIEQUIP",
    "ELGIRUBCO",
    "EMAMILTD",
    "EMBDL",
    "EMKAY",
    "EMMBI",
    "ENERGYDEV",
    "ENGINERSIN",
    "ENIL",
    "EPL",
    "ESABINDIA",
    "ESCORTS",
    "ESSARSHPNG",
    "ESTER",
    "EUROTEXIND",
    "EVEREADY",
    "EVERESTIND",
    "EXCEL",
    "EXCELINDUS",
    "EXIDEIND",
    "EXPLEOSOL",
    "FACT",
    "FDC",
    "FEDERALBNK",
    "FELDVR",
    "FIEMIND",
    "FILATEX",
    "FINCABLES",
    "FINPIPE",
    "FLEXITUFF",
    "FLFL",
    "FMGOETZE",
    "FMNL",
    "FORTIS",
    "FOSECOIND",
    "FSL",
    "GABRIEL",
    "GAEL",
    "GAIL",
    "GALLANTT",
    "GANDHITUBE",
    "GANESHHOU",
    "GARFIBRES",
    "GEECEE",
    "GENESYS",
    "GENUSPOWER",
    "GEOJITFSL",
    "GESHIP",
    "GFLLIMITED",
    "GHCL",
    "GICHSGFIN",
    "GILLANDERS",
    "GILLETTE",
    "GINNIFILA",
    "GIPCL",
    "GKWLIMITED",
    "GLAXO",
    "GLENMARK",
    "GLOBALVECT",
    "GLOBUSSPR",
    "GMBREW",
    "GMDCLTD",
    "GMRAIRPORT",
    "GNFC",
    "GOACARBON",
    "GOCLCORP",
    "GODFRYPHLP",
    "GODREJCP",
    "GODREJIND",
    "GODREJPROP",
    "GOKUL",
    "GOLDIAM",
    "GPPL",
    "GRANULES",
    "GRAPHITE",
    "GRASIM",
    "GRAVITA",
    "GREAVESCOT",
    "GREENPLY",
    "GREENPOWER",
    "GRINDWELL",
    "GSFC",
    "GSPL",
    "GSS",
    "GTL",
    "GTLINFRA",
    "GUFICBIO",
    "GUJALKALI",
    "GUJAPOLLO",
    "GULFOILLUB",
    "GULFPETRO",
    "GVKPIL",
    "GVPIL",
    "GVT&D",
    "HARRMALAYA",
    "HATHWAY",
    "HATSUN",
    "HAVELLS",
    "HBLENGINE",
    "HCC",
    "HCL-INSYS",
    "HCLTECH",
    "HDFCBANK",
    "HEIDELBERG",
    "HERITGFOOD",
    "HEROMOTOCO",
    "HEXATRADEX",
    "HFCL",
    "HGM",
    "HGS",
    "HIKAL",
    "HILTON",
    "HIMATSEIDE",
    "HINDALCO",
    "HINDCOMPOS",
    "HINDCOPPER",
    "HINDOILEXP",
    "HINDPETRO",
    "HINDUNILVR",
    "HINDZINC",
    "HIRECT",
    "HITECHCORP",
    "HITECHGEAR",
    "HLVLTD",
    "HMVL",
    "HONAUT",
    "HONDAPOWER",
    "HSCL",
    "HTMEDIA",
    "HUBTOWN",
    "HUHTAMAKI",
    "IBULLSLTD",
    "ICICIBANK",
    "ICIL",
    "ICRA",
    "IDBI",
    "IDEA",
    "IFBAGRO",
    "IFBIND",
    "IFCI",
    "IGARASHI",
    "IGL",
    "IGPL",
    "IIFL",
    "IITL",
    "IL&FSENGG",
    "IL&FSTRANS",
    "IMFA",
    "IMPAL",
    "IMPEXFERRO",
    "INDBANK",
    "INDHOTEL",
    "INDIACEM",
    "INDIANB",
    "INDIANCARD",
    "INDIANHUME",
    "INDNIPPON",
    "INDOCO",
    "INDORAMA",
    "INDOTECH",
    "INDOWIND",
    "INDRAMEDCO",
    "INDSWFTLAB",
    "INDTERRAIN",
    "INDUSINDBK",
    "INDUSTOWER",
    "INFY",
    "INGERRAND",
    "INSECTICID",
    "INVENTURE",
    "IOB",
    "IOC",
    "IPCALAB",
    "IRB",
    "ISFT",
    "ITC",
    "ITI",
    "IVC",
    "IVP",
    "IZMO",
    "J&KBANK",
    "JAGRAN",
    "JAICORPLTD",
    "JAMNAAUTO",
    "JAYAGROGN",
    "JAYBARMARU",
    "JAYNECOIND",
    "JAYSREETEA",
    "JBCHEPHARM",
    "JINDALPOLY",
    "JINDALSTEL",
    "JINDRILL",
    "JINDWORLD",
    "JISLDVREQS",
    "JISLJALEQS",
    "JKCEMENT",
    "JKIL",
    "JKLAKSHMI",
    "JKPAPER",
    "JKTYRE",
    "JMFINANCIL",
    "JOCIL",
    "JPASSOCIAT",
    "JPOLYINVST",
    "JPPOWER",
    "JSL",
    "JSWENERGY",
    "JSWHL",
    "JSWSTEEL",
    "JTEKTINDIA",
    "JUBLFOOD",
    "JUBLPHARMA",
    "JUSTDIAL",
    "JWL",
    "JYOTHYLAB",
    "JYOTISTRUC",
    "KABRAEXTRU",
    "KAJARIACER",
    "KAKATCEM",
    "KAMATHOTEL",
    "KANANIIND",
    "KANORICHEM",
    "KANSAINER",
    "KARMAENG",
    "KARURVYSYA",
    "KAUSHALYA",
    "KAVDEFENCE",
    "KCP",
    "KCPSUGIND",
    "KEC",
    "KECL",
    "KEI",
    "KESORAMIND",
    "KICL",
    "KIRIINDUS",
    "KIRLOSBROS",
    "KIRLOSENG",
    "KIRLOSIND",
    "KITEX",
    "KKCL",
    "KMSUGAR",
    "KNRCON",
    "KOHINOOR",
    "KOKUYOCMLN",
    "KOLTEPATIL",
    "KOPRAN",
    "KOTARISUG",
    "KOTHARIPET",
    "KOTHARIPRO",
    "KPIL",
    "KPRMILL",
    "KRBL",
    "KSCL",
    "KSL",
    "KTKBANK",
    "LAOPALA",
    "LGBBROSLTD",
    "LIBERTSHOE",
    "LICHSGFIN",
    "LINDEINDIA",
    "LMW",
    "LOKESHMACH",
    "LOTUSEYE",
    "LOVABLE",
    "LPDC",
    "LT",
    "LTF",
    "LTFOODS",
    "LUMAXIND",
    "LUMAXTECH",
    "LUPIN",
    "LYKALABS",
    "LYPSAGEMS",
    "M&M",
    "M&MFIN",
    "MAANALU",
    "MADHAV",
    "MADHUCON",
    "MAGNUM",
    "MAHABANK",
    "MAHLIFE",
    "MAHSCOOTER",
    "MAHSEAMLES",
    "MAITHANALL",
    "MALUPAPER",
    "MANAKSIA",
    "MANALIPETC",
    "MANAPPURAM",
    "MANGALAM",
    "MANGLMCEM",
    "MANINDS",
    "MANINFRA",
    "MANUGRAPH",
    "MARALOVER",
    "MARICO",
    "MARKSANS",
    "MARUTI",
    "MASTEK",
    "MAWANASUG",
    "MAYURUNIQ",
    "MBLINFRA",
    "MCLEODRUSS",
    "MEDPLUS",
    "MFSL",
    "MHRIL",
    "MINDACORP",
    "MIRCELECTR",
    "MIRZAINT",
    "MMFL",
    "MMTC",
    "MOHITIND",
    "MOIL",
    "MORARJEE",
    "MOREPENLAB",
    "MOTHERSON",
    "MOTILALOFS",
    "MPHASIS",
    "MPSLTD",
    "MRF",
    "MRPL",
    "MSPL",
    "MTEDUCARE",
    "MTNL",
    "MUKANDLTD",
    "MUKTAARTS",
    "MUNJALAU",
    "MUNJALSHOW",
    "MUTHOOTFIN",
    "NAGREEKCAP",
    "NAGREEKEXP",
    "NAHARCAP",
    "NAHARINDUS",
    "NAHARPOLY",
    "NAHARSPING",
    "NATCOPHARM",
    "NATHBIOGEN",
    "NATIONALUM",
    "NAVINFLUOR",
    "NAVNETEDUL",
    "NBCC",
    "NCC",
    "NCLIND",
    "NDLVENTURE",
    "NDTV",
    "NECLIFE",
    "NELCAST",
    "NELCO",
    "NESCO",
    "NESTLEIND",
    "NETWORK18",
    "NEULANDLAB",
    "NFL",
    "NHPC",
    "NIBL",
    "NIITLTD",
    "NILKAMAL",
    "NIPPOBATRY",
    "NITCO",
    "NITINSPIN",
    "NLCINDIA",
    "NMDC",
    "NOCIL",
    "NOIDATOLL",
    "NORBTEAEXP",
    "NRBBEARING",
    "NSIL",
    "NTPC",
    "NUCLEUS",
    "OBEROIRLTY",
    "OFSS",
    "OIL",
    "OILCOUNTUB",
    "OMAXAUTO",
    "OMAXE",
    "OMINFRAL",
    "OMKARCHEM",
    "ONGC",
    "ONMOBILE",
    "ORBTEXP",
    "ORIENTBELL",
    "ORIENTCEM",
    "ORIENTCER",
    "ORIENTHOT",
    "ORIENTLTD",
    "ORIENTPPR",
    "ORISSAMINE",
    "ORTINGLOBE",
    "PAGEIND",
    "PAISALO",
    "PANACEABIO",
    "PANAMAPET",
    "PARSVNATH",
    "PATELENG",
    "PATINTLOG",
    "PCBL",
    "PENIND",
    "PENINLAND",
    "PETRONET",
    "PFC",
    "PFIZER",
    "PFOCUS",
    "PFS",
    "PGHH",
    "PGHL",
    "PGIL",
    "PHOENIXLTD",
    "PIDILITIND",
    "PIIND",
    "PIONEEREMB",
    "PITTIENG",
    "PLASTIBLEN",
    "PNB",
    "PNBGILTS",
    "PNC",
    "POLYMED",
    "POLYPLEX",
    "PONNIERODE",
    "POONAWALLA",
    "POWERGRID",
    "PPAP",
    "PRAENG",
    "PRAJIND",
    "PRAKASH",
    "PRAKASHSTL",
    "PRECWIRE",
    "PRESTIGE",
    "PRIMESECU",
    "PROZONER",
    "PRSMJOHNSN",
    "PSB",
    "PTC",
    "PTL",
    "PUNJABCHEM",
    "PURVA",
    "PVRINOX",
    "RADAAN",
    "RADICO",
    "RAIN",
    "RAJESHEXPO",
    "RAJSREESUG",
    "RAJTV",
    "RALLIS",
    "RAMANEWS",
    "RAMCOCEM",
    "RAMCOIND",
    "RAMCOSYS",
    "RAMKY",
    "RANASUG",
    "RANEHOLDIN",
    "RATNAMANI",
    "RAYMOND",
    "RCF",
    "RECLTD",
    "REDINGTON",
    "RELAXO",
    "RELIANCE",
    "RELIGARE",
    "RELINFRA",
    "RENUKA",
    "REPCOHOME",
    "REPRO",
    "RESPONIND",
    "RGL",
    "RHIM",
    "RICOAUTO",
    "RIIL",
    "RKDL",
    "RKFORGE",
    "RML",
    "ROHLTD",
    "ROSSELLIND",
    "RPGLIFE",
    "RPOWER",
    "RPPINFRA",
    "RSSOFTWARE",
    "RSWM",
    "RSYSTEMS",
    "RTNINDIA",
    "RTNPOWER",
    "RUBYMILLS",
    "RUCHIRA",
    "RUPA",
    "SADBHAV",
    "SAGCEM",
    "SAIL",
    "SAKHTISUG",
    "SAKSOFT",
    "SAKUMA",
    "SAMMAANCAP",
    "SAMPANN",
    "SANDESH",
    "SANGAMIND",
    "SANGHIIND",
    "SANOFI",
    "SARDAEN",
    "SAREGAMA",
    "SARLAPOLY",
    "SASKEN",
    "SASTASUNDR",
    "SBIN",
    "SCHAEFFLER",
    "SCHNEIDER",
    "SCI",
    "SEAMECLTD",
    "SECURKLOUD",
    "SEMAC",
    "SEPC",
    "SESHAPAPER",
    "SHAH",
    "SHAKTIPUMP",
    "SHALPAINTS",
    "SHANTIGEAR",
    "SHILPAMED",
    "SHIVAMAUTO",
    "SHOPERSTOP",
    "SHREECEM",
    "SHREERAMA",
    "SHREYANIND",
    "SHYAMTEL",
    "SIEMENS",
    "SIGMAADV",
    "SILINV",
    "SIMPLEXINF",
    "SIYSIL",
    "SJVN",
    "SKFINDIA",
    "SMARTLINK",
    "SMLMAH",
    "SMSPHARMA",
    "SOBHA",
    "SOLARINDS",
    "SOMANYCERA",
    "SONATSOFTW",
    "SOTL",
    "SOUTHBANK",
    "SPARC",
    "SPIC",
    "SPLIL",
    "SRF",
    "SRHHYPOLTD",
    "SSWL",
    "STAR",
    "STARPAPER",
    "STCINDIA",
    "STEL",
    "STERTOOLS",
    "STLTECH",
    "STYRENIX",
    "SUBEXLTD",
    "SUBROS",
    "SUDARCOLOR",
    "SUDARSCHEM",
    "SUMMITSEC",
    "SUNDARAM",
    "SUNDARMFIN",
    "SUNDRMBRAK",
    "SUNDRMFAST",
    "SUNDROP",
    "SUNFLAG",
    "SUNPHARMA",
    "SUNTECK",
    "SUNTV",
    "SUPERSPIN",
    "SUPRAJIT",
    "SUPREMEIND",
    "SUPREMEINF",
    "SURANASOL",
    "SURANAT&P",
    "SURYALAXMI",
    "SURYAROSNI",
    "SURYODAY",
    "SUTLEJTEX",
    "SUVEN",
    "SUZLON",
    "SWANCORP",
    "SWARAJENG",
    "SWELECTES",
    "SYMPHONY",
    "TAINWALCHM",
    "TAJGVK",
    "TAKE",
    "TALBROAUTO",
    "TANLA",
    "TARIL",
    "TATACHEM",
    "TATACOMM",
    "TATACONSUM",
    "TATAELXSI",
    "TATAPOWER",
    "TATASTEEL",
    "TBZ",
    "TCI",
    "TCS",
    "TDPOWERSYS",
    "TECHM",
    "TEXINFRA",
    "TEXRAIL",
    "TFL",
    "TGBHOTELS",
    "THANGAMAYL",
    "THEMISMED",
    "THERMAX",
    "THOMASCOOK",
    "TI",
    "TIIL",
    "TIL",
    "TIMETECHNO",
    "TIMKEN",
    "TIPSMUSIC",
    "TIRUMALCHM",
    "TITAGARH",
    "TITAN",
    "TMPV",
    "TNPETRO",
    "TNPL",
    "TOKYOPLAST",
    "TORNTPHARM",
    "TORNTPOWER",
    "TRANSWORLD",
    "TREEHOUSE",
    "TRENT",
    "TRF",
    "TRIDENT",
    "TRIGYN",
    "TRITURBINE",
    "TRIVENI",
    "TTKPRESTIG",
    "TTML",
    "TVSELECT",
    "TVSHLTD",
    "TVSMOTOR",
    "TVSSRICHAK",
    "TVTODAY",
    "UBL",
    "UCAL",
    "UCOBANK",
    "UFLEX",
    "UGARSUGAR",
    "ULTRACEMCO",
    "UMESLTD",
    "UMIYA-MRO",
    "UNICHEMLAB",
    "UNIENTER",
    "UNIONBANK",
    "UNITDSPR",
    "UNITECH",
    "UNITEDTEA",
    "UNIVCABLES",
    "UNOMINDA",
    "UPL",
    "USHAMART",
    "UTTAMSUGAR",
    "V2RETAIL",
    "VADILALIND",
    "VAKRANGEE",
    "VARDHACRLC",
    "VASCONEQ",
    "VASWANI",
    "VEDL",
    "VEEDOL",
    "VENKEYS",
    "VENUSREM",
    "VGUARD",
    "VHL",
    "VIKASECO",
    "VIMTALABS",
    "VINATIORGA",
    "VINDHYATEL",
    "VINEETLAB",
    "VINYLINDIA",
    "VIPCLOTHNG",
    "VIPIND",
    "VISAKAIND",
    "VIVIDHA",
    "VLSFINANCE",
    "VMART",
    "VOLTAMP",
    "VOLTAS",
    "VSSL",
    "VSTIND",
    "VSTTILLERS",
    "VTL",
    "WABAG",
    "WALCHANNAG",
    "WEIZMANIND",
    "WELCORP",
    "WELENT",
    "WELINV",
    "WELSPUNLIV",
    "WENDT",
    "WEWIN",
    "WHEELS",
    "WHIRLPOOL",
    "WILLAMAGOR",
    "WINDMACHIN",
    "WINSOME",
    "WIPRO",
    "WOCKPHARMA",
    "WONDERLA",
    "WSI",
    "WSTCSTPAPR",
    "XCHANGING",
    "XPROINDIA",
    "YESBANK",
    "ZEEL",
    "ZEELEARN",
    "ZEEMEDIA",
    "ZENITHSTL",
    "ZENSARTECH",
    "ZFCVINDIA",
    "ZODIACLOTH",
    "ZOTA",
    "ZUARI",
    "ZUARIIND",
    "ZYDUSLIFE"
  ],
  "selected_stocks": [
    "TRANSWORLD",
    "VIVIDHA",
    "MANGALAM",
    "ISFT",
    "DUCON",
    "KICL",
    "BOSCH-HCIL",
    "CAPLIPOINT",
    "GILLETTE",
    "CTE",
    "AJANTPHARM",
    "SURANASOL",
    "EMKAY",
    "NORBTEAEXP",
    "ICIL"
  ],
  "selected_indices": [
    845,
    900,
    515,
    401,
    214,
    460,
    131,
    143,
    279,
    177,
    26,
    793,
    231,
    590,
    360
  ],
  "matrices": {
    "covariance_selected": [
      [
        0.3477363720264745,
        0.0354223320628693,
        0.01750827042659551,
        0.04254912621335851,
        0.014998820017457073,
        0.019858249503222434,
        0.02933687788986952,
        0.02516619203234328,
        0.01413931849858938,
        0.0205538812009002,
        0.02054727763294038,
        0.0024279222546567418,
        0.007809064631606819,
        -0.01384659193118552,
        0.045672166454463474
      ],
      [
        0.0354223320628693,
        0.5545006322109757,
        0.010417919548872867,
        -0.014085387110885115,
        0.025461422462418646,
        0.018887838043708145,
        -0.021562702580165412,
        -0.010252854217367342,
        0.008925767930945126,
        0.040535867174790886,
        -0.01465882522883058,
        0.03585619935697764,
        0.0018924537278684223,
        0.011654279996658008,
        0.014456398638591232
      ],
      [
        0.01750827042659551,
        0.010417919548872867,
        0.5939628172555829,
        0.038003225577902144,
        -0.013368550284221332,
        0.045064755257748376,
        0.03967701199082849,
        0.03056984380167812,
        0.003210065644162867,
        0.03334933170863091,
        0.001652808456865244,
        0.0036363444193669415,
        0.020991198038428464,
        0.01051791192807758,
        0.04258812450548098
      ],
      [
        0.04254912621335851,
        -0.014085387110885115,
        0.038003225577902144,
        0.4960409013521612,
        -0.018692011209609415,
        0.019180528030194544,
        0.021720697411488663,
        0.044598146304349356,
        0.01020293390905924,
        -0.004308530542141333,
        0.040944778521847296,
        0.013694617145183505,
        0.013866717480077792,
        -0.0005024602907073299,
        0.02584842806528912
      ],
      [
        0.014998820017457073,
        0.025461422462418646,
        -0.013368550284221332,
        -0.018692011209609415,
        0.5793778169073253,
        0.02009273392745247,
        0.0013486251398406156,
        -0.057965841507930826,
        -0.0031390093597569793,
        -0.021871276262296787,
        -0.005963654761575338,
        0.0007165752971047374,
        -0.028109434487535726,
        0.012656720270722708,
        -0.004107560902458999
      ],
      [
        0.019858249503222434,
        0.018887838043708145,
        0.045064755257748376,
        0.019180528030194544,
        0.02009273392745247,
        0.37547152011668256,
        0.0340039909234742,
        0.0271627302146071,
        0.021408119712501016,
        0.024589925306274782,
        0.013762589174498024,
        -0.027101996843571854,
        0.00807289216231341,
        -0.00020847775331751456,
        0.02622865320726168
      ],
      [
        0.02933687788986952,
        -0.021562702580165412,
        0.03967701199082849,
        0.021720697411488663,
        0.0013486251398406156,
        0.0340039909234742,
        0.31278070691297255,
        0.024413388703025944,
        0.017904794626303074,
        -0.006783972954372854,
        0.015870722966577308,
        0.012502076864550443,
        0.026045570440123886,
        -0.012078074626384144,
        0.05882177776512573
      ],
      [
        0.02516619203234328,
        -0.010252854217367342,
        0.03056984380167812,
        0.044598146304349356,
        -0.057965841507930826,
        0.0271627302146071,
        0.024413388703025944,
        0.46028634067708957,
        0.04452323814249023,
        0.01215750342448191,
        0.02673011504211191,
        0.011911323988318569,
        0.06381358030397799,
        -0.024489392513709723,
        0.04538526233243849
      ],
      [
        0.01413931849858938,
        0.008925767930945126,
        0.003210065644162867,
        0.01020293390905924,
        -0.0031390093597569793,
        0.021408119712501016,
        0.017904794626303074,
        0.04452323814249023,
        0.10992742383994436,
        0.0070494276565244395,
        0.017184357027206932,
        0.0029721191580638698,
        0.011658786425271697,
        -0.010911346916158138,
        0.01436496812009112
      ],
      [
        0.0205538812009002,
        0.040535867174790886,
        0.03334933170863091,
        -0.004308530542141333,
        -0.021871276262296787,
        0.024589925306274782,
        -0.006783972954372854,
        0.01215750342448191,
        0.0070494276565244395,
        0.3969983532409247,
        0.016460215445999658,
        0.01734791028087859,
        0.0073388300477150135,
        -0.0076543460480600345,
        -0.005108070710188661
      ],
      [
        0.02054727763294038,
        -0.01465882522883058,
        0.001652808456865244,
        0.040944778521847296,
        -0.005963654761575338,
        0.013762589174498024,
        0.015870722966577308,
        0.02673011504211191,
        0.017184357027206932,
        0.016460215445999658,
        0.20967468504508338,
        -0.014079766418874793,
        0.0042937597031027525,
        0.0032699257489391532,
        0.03046130777159705
      ],
      [
        0.0024279222546567418,
        0.03585619935697764,
        0.0036363444193669415,
        0.013694617145183505,
        0.0007165752971047374,
        -0.027101996843571854,
        0.012502076864550443,
        0.011911323988318569,
        0.0029721191580638698,
        0.01734791028087859,
        -0.014079766418874793,
        0.3527430850681937,
        0.018843263419160757,
        0.006111807661285533,
        0.0016038335622595855
      ],
      [
        0.007809064631606819,
        0.0018924537278684223,
        0.020991198038428464,
        0.013866717480077792,
        -0.028109434487535726,
        0.00807289216231341,
        0.026045570440123886,
        0.06381358030397799,
        0.011658786425271697,
        0.0073388300477150135,
        0.0042937597031027525,
        0.018843263419160757,
        0.30381896310170486,
        0.005850523033627548,
        0.006785613190129364
      ],
      [
        -0.01384659193118552,
        0.011654279996658008,
        0.01051791192807758,
        -0.0005024602907073299,
        0.012656720270722708,
        -0.00020847775331751456,
        -0.012078074626384144,
        -0.024489392513709723,
        -0.010911346916158138,
        -0.0076543460480600345,
        0.0032699257489391532,
        0.006111807661285533,
        0.005850523033627548,
        0.1781150677305391,
        -0.01293219455646877
      ],
      [
        0.045672166454463474,
        0.014456398638591232,
        0.04258812450548098,
        0.02584842806528912,
        -0.004107560902458999,
        0.02622865320726168,
        0.05882177776512573,
        0.04538526233243849,
        0.01436496812009112,
        -0.005108070710188661,
        0.03046130777159705,
        0.0016038335622595855,
        0.006785613190129364,
        -0.01293219455646877,
        0.45628251799389846
      ]
    ],
    "qubo_selected": [
      [
        -19662.940964260033,
        0.02229453596458342,
        0.05346023008422382,
        0.017514151746907604,
        -0.011927309523150676,
        0.008587519406205505,
        0.034368714054413864,
        0.0609226155431941,
        0.08188955704369459,
        0.027525178348996048,
        0.003305616913730488,
        0.008596352153041853,
        -0.028159532837749586,
        0.04109455526588076,
        -0.02931765045766116
      ],
      [
        0.02229453596458342,
        -19662.788693449023,
        0.01493601188837431,
        0.014002976638021,
        -0.022738134577983106,
        -0.02848159860017198,
        0.0054914651724515574,
        -0.009323148772628896,
        0.01003750250180795,
        -0.019054476469716305,
        0.02072112156656521,
        -0.014213752028352544,
        0.0024882035869993983,
        0.0367295345419908,
        -0.006600634800434502
      ],
      [
        0.05346023008422382,
        0.01493601188837431,
        -19663.45614157574,
        0.03656121986728119,
        -0.11593168301586165,
        0.12762716060795598,
        0.08904647628498046,
        0.09077052466487698,
        0.08919629260869871,
        0.0543254604292142,
        0.06113968760335624,
        0.029620927031753567,
        0.023822647976637138,
        0.05033238406468656,
        -0.020505708434734683
      ],
      [
        0.017514151746907604,
        0.014002976638021,
        0.03656121986728119,
        -19663.001563444912,
        0.04676915955732415,
        0.006464027572644101,
        0.021514650494885303,
        0.0916646272668021,
        0.08566426717803223,
        0.0243241513124828,
        0.020191063537893128,
        0.026869307661900335,
        -0.014414923741698255,
        0.08110984813171623,
        0.010980303177959476
      ],
      [
        -0.011927309523150676,
        -0.022738134577983106,
        -0.11593168301586165,
        0.04676915955732415,
        -19662.9602071671,
        -0.05621886897507145,
        -0.006278018719513959,
        -0.008215121804917997,
        -0.03738402241921883,
        0.04018546785490494,
        -0.026737100568442664,
        0.02549827489173418,
        0.0014331505942094748,
        0.029997640034914147,
        0.05092284492483729
      ],
      [
        0.008587519406205505,
        -0.02848159860017198,
        0.12762716060795598,
        0.006464027572644101,
        -0.05621886897507145,
        -19662.723938740313,
        0.023317572850543394,
        0.013571226380258728,
        0.027733434960155585,
        0.01614578432462682,
        0.04198239607685693,
        0.02081102945100365,
        0.037686526838321514,
        0.015618129263213638,
        0.0037849074557368446
      ],
      [
        0.034368714054413864,
        0.0054914651724515574,
        0.08904647628498046,
        0.021514650494885303,
        -0.006278018719513959,
        0.023317572850543394,
        -19662.756957940604,
        0.02872993624018224,
        0.02040586781811848,
        0.04281623942500203,
        0.006420131288325734,
        0.018936083316373885,
        0.0059442383161277396,
        0.02827863699717876,
        0.017851535861890252
      ],
      [
        0.0609226155431941,
        -0.009323148772628896,
        0.09077052466487698,
        0.0916646272668021,
        -0.008215121804917997,
        0.013571226380258728,
        0.02872993624018224,
        -19663.767488725945,
        0.05169685613057824,
        0.05245730641452336,
        0.08517624901096196,
        0.018111649167996065,
        0.003207667124519171,
        0.09134433290892695,
        0.028912797277182465
      ],
      [
        0.08188955704369459,
        0.01003750250180795,
        0.08919629260869871,
        0.08566426717803223,
        -0.03738402241921883,
        0.027733434960155585,
        0.02040586781811848,
        0.05169685613057824,
        -19663.68355984563,
        0.03836105606038909,
        0.07600645115580429,
        0.01529736732591251,
        0.02738923429036701,
        0.08509825242671702,
        -0.02817077422177023
      ],
      [
        0.027525178348996048,
        -0.019054476469716305,
        0.0543254604292142,
        0.0243241513124828,
        0.04018546785490494,
        0.01614578432462682,
        0.04281623942500203,
        0.05245730641452336,
        0.03836105606038909,
        -19663.08745193286,
        0.09012951051549675,
        0.034291609601136794,
        -0.05420399368714371,
        0.03971649900644487,
        0.03777567608741629
      ],
      [
        0.003305616913730488,
        0.02072112156656521,
        0.06113968760335624,
        0.020191063537893128,
        -0.026737100568442664,
        0.04198239607685693,
        0.006420131288325734,
        0.08517624901096196,
        0.07600645115580429,
        0.09012951051549675,
        -19664.23487467916,
        0.06014493285506686,
        0.007272688838733883,
        0.03501654085319102,
        0.020835839097745733
      ],
      [
        0.008596352153041853,
        -0.014213752028352544,
        0.029620927031753567,
        0.026869307661900335,
        0.02549827489173418,
        0.02081102945100365,
        0.018936083316373885,
        0.018111649167996065,
        0.01529736732591251,
        0.034291609601136794,
        0.06014493285506686,
        -19662.57337589527,
        0.020395545372301874,
        -0.006802612717181744,
        0.00013400214762911646
      ],
      [
        -0.028159532837749586,
        0.0024882035869993983,
        0.023822647976637138,
        -0.014414923741698255,
        0.0014331505942094748,
        0.037686526838321514,
        0.0059442383161277396,
        0.003207667124519171,
        0.02738923429036701,
        -0.05420399368714371,
        0.007272688838733883,
        0.020395545372301874,
        -19662.850234004283,
        0.0048558445093134835,
        0.07171239871395528
      ],
      [
        0.04109455526588076,
        0.0367295345419908,
        0.05033238406468656,
        0.08110984813171623,
        0.029997640034914147,
        0.015618129263213638,
        0.02827863699717876,
        0.09134433290892695,
        0.08509825242671702,
        0.03971649900644487,
        0.03501654085319102,
        -0.006802612717181744,
        0.0048558445093134835,
        -19664.73393186327,
        0.0708446641257386
      ],
      [
        -0.02931765045766116,
        -0.006600634800434502,
        -0.020505708434734683,
        0.010980303177959476,
        0.05092284492483729,
        0.0037849074557368446,
        0.017851535861890252,
        0.028912797277182465,
        -0.02817077422177023,
        0.03777567608741629,
        0.020835839097745733,
        0.00013400214762911646,
        0.07171239871395528,
        0.0708446641257386,
        -19664.187322717742
      ]
    ]
  }
}