{
  "scenario_group": "horizon",
  "scenario_name": "Horizon_6M_Train_60M",
  "scenario": {
    "train_start": "2020-09-12",
    "train_end": "2025-09-11",
    "test_start": "2025-09-12",
    "test_end": "2026-03-11",
    "description": "Test=6M, Train=60M ending at latest date"
  },
  "symbols_full": [
    "20MICRONS",
    "21STCENMGM",
    "360ONE",
    "3MINDIA",
    "3PLAND",
    "5PAISA",
    "63MOONS",
    "A2ZINFRA",
    "AAKASH",
    "AAREYDRUGS",
    "AARON",
    "AARTIDRUGS",
    "AARTIIND",
    "AARTISURF",
    "AARVI",
    "AAVAS",
    "ABAN",
    "ABB",
    "ABBOTINDIA",
    "ABCAPITAL",
    "ABFRL",
    "ABREL",
    "ACC",
    "ACCELYA",
    "ACCURACY",
    "ACE",
    "ACUTAAS",
    "ADANIENSOL",
    "ADANIENT",
    "ADANIGREEN",
    "ADANIPORTS",
    "ADANIPOWER",
    "ADFFOODS",
    "ADL",
    "ADOR",
    "ADROITINFO",
    "ADSL",
    "ADVANIHOTR",
    "ADVENZYMES",
    "AEGISLOG",
    "AFFLE",
    "AGARIND",
    "AGI",
    "AGRITECH",
    "AGROPHOS",
    "AHLADA",
    "AHLEAST",
    "AHLUCONT",
    "AIAENG",
    "AIRAN",
    "AIROLAM",
    "AJANTPHARM",
    "AJMERA",
    "AJOONI",
    "AKASH",
    "AKG",
    "AKSHARCHEM",
    "AKSHOPTFBR",
    "AKZOINDIA",
    "ALANKIT",
    "ALBERTDAVD",
    "ALEMBICLTD",
    "ALICON",
    "ALIVUS",
    "ALKALI",
    "ALKEM",
    "ALKYLAMINE",
    "ALLCARGO",
    "ALLDIGI",
    "ALMONDZ",
    "ALOKINDS",
    "ALPA",
    "ALPHAGEO",
    "AMBER",
    "AMBICAAGAR",
    "AMBIKCO",
    "AMBUJACEM",
    "AMDIND",
    "AMJLAND",
    "AMRUTANJAN",
    "ANANTRAJ",
    "ANDHRAPAP",
    "ANDHRSUGAR",
    "ANGELONE",
    "ANIKINDS",
    "ANKITMETAL",
    "ANMOL",
    "ANSALAPI",
    "ANTELOPUS",
    "ANTGRAPHIC",
    "ANUP",
    "ANURAS",
    "APARINDS",
    "APCL",
    "APCOTEXIND",
    "APEX",
    "APLAPOLLO",
    "APLLTD",
    "APOLLO",
    "APOLLOHOSP",
    "APOLLOPIPE",
    "APOLLOTYRE",
    "APOLSINHOT",
    "APTECHT",
    "APTUS",
    "ARCHIDPLY",
    "ARCHIES",
    "ARE&M",
    "ARENTERP",
    "ARIES",
    "ARIHANTCAP",
    "ARIHANTSUP",
    "ARMANFIN",
    "AROGRANITE",
    "ARROWGREEN",
    "ARTEMISMED",
    "ARVEE",
    "ARVIND",
    "ARVINDFASN",
    "ARVSMART",
    "ASAHIINDIA",
    "ASAHISONG",
    "ASAL",
    "ASALCBR",
    "ASHAPURMIN",
    "ASHIANA",
    "ASHIMASYN",
    "ASHOKA",
    "ASHOKLEY",
    "ASIANHOTNR",
    "ASIANPAINT",
    "ASIANTILES",
    "ASPINWALL",
    "ASTEC",
    "ASTERDM",
    "ASTRAL",
    "ASTRAMICRO",
    "ASTRAZEN",
    "ASTRON",
    "ATALREAL",
    "ATGL",
    "ATLANTAA",
    "ATUL",
    "ATULAUTO",
    "AUBANK",
    "AURIGROW",
    "AURIONPRO",
    "AUROPHARMA",
    "AURUM",
    "AUSOMENT",
    "AUTOAXLES",
    "AUTOIND",
    "AVADHSUGAR",
    "AVANTIFEED",
    "AVTNPL",
    "AWHCL",
    "AXISBANK",
    "AXISCADES",
    "AYMSYNTEX",
    "BAFNAPH",
    "BAGFILMS",
    "BAJAJ-AUTO",
    "BAJAJCON",
    "BAJAJELEC",
    "BAJAJFINSV",
    "BAJAJHIND",
    "BAJAJHLDNG",
    "BAJFINANCE",
    "BALAJITELE",
    "BALAMINES",
    "BALAXI",
    "BALKRISHNA",
    "BALKRISIND",
    "BALMLAWRIE",
    "BALPHARMA",
    "BALRAMCHIN",
    "BANARBEADS",
    "BANARISUG",
    "BANCOINDIA",
    "BANDHANBNK",
    "BANG",
    "BANKA",
    "BANKBARODA",
    "BANKINDIA",
    "BANSWRAS",
    "BASF",
    "BASML",
    "BATAINDIA",
    "BAYERCROP",
    "BBL",
    "BBOX",
    "BBTC",
    "BBTCL",
    "BCG",
    "BCLIND",
    "BCONCEPTS",
    "BDL",
    "BEARDSELL",
    "BECTORFOOD",
    "BEDMUTHA",
    "BEL",
    "BEML",
    "BEPL",
    "BERGEPAINT",
    "BETA",
    "BFINVEST",
    "BFUTILITIE",
    "BGRENERGY",
    "BHAGERIA",
    "BHAGYANGR",
    "BHANDARI",
    "BHARATFORG",
    "BHARATGEAR",
    "BHARATRAS",
    "BHARATWIRE",
    "BHARTIARTL",
    "BHEL",
    "BIGBLOC",
    "BIL",
    "BIOCON",
    "BIOFILCHEM",
    "BIRLACABLE",
    "BIRLACORPN",
    "BIRLAMONEY",
    "BIRLANU",
    "BLBLIMITED",
    "BLISSGVS",
    "BLKASHYAP",
    "BLS",
    "BLUEDART",
    "BLUESTARCO",
    "BODALCHEM",
    "BOMDYEING",
    "BOROLTD",
    "BORORENEW",
    "BOSCH-HCIL",
    "BOSCHLTD",
    "BPCL",
    "BPL",
    "BRIGADE",
    "BRITANNIA",
    "BRNL",
    "BROOKS",
    "BSE",
    "BSHSL",
    "BSL",
    "BSOFT",
    "BUTTERFLY",
    "BVCL",
    "BYKE",
    "CALSOFT",
    "CAMLINFINE",
    "CAMS",
    "CANBK",
    "CANFINHOME",
    "CANTABIL",
    "CAPACITE",
    "CAPLIPOINT",
    "CAPTRUST",
    "CARBORUNIV",
    "CARERATING",
    "CARTRADE",
    "CARYSIL",
    "CASTROLIND",
    "CCAVENUE",
    "CCHHL",
    "CCL",
    "CDSL",
    "CEATLTD",
    "CELEBRITY",
    "CEMPRO",
    "CENTENKA",
    "CENTEXT",
    "CENTRALBK",
    "CENTRUM",
    "CENTUM",
    "CENTURYPLY",
    "CERA",
    "CEREBRAINT",
    "CESC",
    "CGCL",
    "CGPOWER",
    "CHALET",
    "CHAMBLFERT",
    "CHEMBOND",
    "CHEMCON",
    "CHEMFAB",
    "CHEMPLASTS",
    "CHENNPETRO",
    "CHOLAFIN",
    "CHOLAHLDNG",
    "CIEINDIA",
    "CIGNITITEC",
    "CINELINE",
    "CINEVISTA",
    "CIPLA",
    "CLEAN",
    "CLEDUCATE",
    "CLSEL",
    "CNL",
    "COALINDIA",
    "COCHINSHIP",
    "COFFEEDAY",
    "COFORGE",
    "COHANCE",
    "COLPAL",
    "COMPINFO",
    "COMPUSOFT",
    "CONCOR",
    "CONFIPET",
    "CONSOFINVT",
    "CONTROLPR",
    "CORALFINAC",
    "CORDSCABLE",
    "COROMANDEL",
    "COSMOFIRST",
    "COUNCODOS",
    "CPCAP",
    "CRAFTSMAN",
    "CREATIVEYE",
    "CREDITACC",
    "CREST",
    "CRISIL",
    "CROMPTON",
    "CROWN",
    "CSBBANK",
    "CTE",
    "CUB",
    "CUBEXTUB",
    "CUMMINSIND",
    "CUPID",
    "CYBERMEDIA",
    "CYBERTECH",
    "CYIENT",
    "DABUR",
    "DALBHARAT",
    "DALMIASUG",
    "DAMODARIND",
    "DANGEE",
    "DATAMATICS",
    "DBCORP",
    "DBL",
    "DBREALTY",
    "DBSTOCKBRO",
    "DCAL",
    "DCBBANK",
    "DCM",
    "DCMFINSERV",
    "DCMNVL",
    "DCMSHRIRAM",
    "DCW",
    "DECCANCE",
    "DEEPAKFERT",
    "DEEPAKNTR",
    "DEEPINDS",
    "DELPHIFX",
    "DELTACORP",
    "DELTAMAGNT",
    "DEN",
    "DENORA",
    "DEVYANI",
    "DGCONTENT",
    "DHAMPURSUG",
    "DHANBANK",
    "DHANUKA",
    "DHARAN",
    "DHUNINV",
    "DIAMONDYD",
    "DICIND",
    "DIGISPICE",
    "DISHTV",
    "DIVISLAB",
    "DIXON",
    "DLF",
    "DLINKINDIA",
    "DMART",
    "DNAMEDIA",
    "DODLA",
    "DOLATALGO",
    "DOLLAR",
    "DONEAR",
    "DPABHUSHAN",
    "DPSCLTD",
    "DPWIRES",
    "DREDGECORP",
    "DRREDDY",
    "DSSL",
    "DTIL",
    "DUCON",
    "DVL",
    "DWARKESH",
    "DYNAMATECH",
    "DYNPRO",
    "E2E",
    "EASEMYTRIP",
    "ECLERX",
    "EDELWEISS",
    "EICHERMOT",
    "EIDPARRY",
    "EIFFL",
    "EIHAHOTELS",
    "EIHOTEL",
    "EIMCOELECO",
    "EKC",
    "ELECON",
    "ELECTCAST",
    "ELECTHERM",
    "ELGIEQUIP",
    "ELGIRUBCO",
    "EMAMILTD",
    "EMAMIPAP",
    "EMAMIREAL",
    "EMBDL",
    "EMKAY",
    "EMMBI",
    "ENDURANCE",
    "ENERGYDEV",
    "ENGINERSIN",
    "ENIL",
    "EPIGRAL",
    "EPL",
    "EQUITASBNK",
    "ERIS",
    "ESABINDIA",
    "ESCORTS",
    "ESSARSHPNG",
    "ESTER",
    "ETERNAL",
    "EVEREADY",
    "EVERESTIND",
    "EXCEL",
    "EXCELINDUS",
    "EXIDEIND",
    "EXPLEOSOL",
    "EXXARO",
    "FACT",
    "FAIRCHEMOR",
    "FCL",
    "FCSSOFT",
    "FDC",
    "FEDERALBNK",
    "FEL",
    "FELDVR",
    "FIEMIND",
    "FILATEX",
    "FINCABLES",
    "FINEORG",
    "FINPIPE",
    "FLEXITUFF",
    "FLFL",
    "FLUOROCHEM",
    "FMGOETZE",
    "FMNL",
    "FOCUS",
    "FORCEMOT",
    "FORTIS",
    "FOSECOIND",
    "FSL",
    "GABRIEL",
    "GAEL",
    "GAIL",
    "GALAXYSURF",
    "GALLANTT",
    "GANDHITUBE",
    "GANECOS",
    "GANESHHOU",
    "GANGAFORGE",
    "GANGESSECU",
    "GARFIBRES",
    "GATECHDVR",
    "GAYAHWS",
    "GEECEE",
    "GEEKAYWIRE",
    "GENCON",
    "GENESYS",
    "GENUSPAPER",
    "GENUSPOWER",
    "GEOJITFSL",
    "GESHIP",
    "GFLLIMITED",
    "GHCL",
    "GICHSGFIN",
    "GICRE",
    "GILLANDERS",
    "GILLETTE",
    "GINNIFILA",
    "GIPCL",
    "GKWLIMITED",
    "GLAND",
    "GLAXO",
    "GLENMARK",
    "GLFL",
    "GLOBAL",
    "GLOBALVECT",
    "GLOBE",
    "GLOBUSSPR",
    "GMBREW",
    "GMDCLTD",
    "GMMPFAUDLR",
    "GMRAIRPORT",
    "GNA",
    "GNFC",
    "GOACARBON",
    "GOCLCORP",
    "GODFRYPHLP",
    "GODREJAGRO",
    "GODREJCP",
    "GODREJIND",
    "GODREJPROP",
    "GOKEX",
    "GOKUL",
    "GOKULAGRO",
    "GOLDENTOBC",
    "GOLDIAM",
    "GOLDTECH",
    "GOODLUCK",
    "GPIL",
    "GPPL",
    "GPTINFRA",
    "GRANULES",
    "GRAPHITE",
    "GRASIM",
    "GRAVITA",
    "GREAVESCOT",
    "GREENLAM",
    "GREENPANEL",
    "GREENPLY",
    "GREENPOWER",
    "GRINDWELL",
    "GRINFRA",
    "GROBTEA",
    "GRPLTD",
    "GRSE",
    "GSFC",
    "GSPL",
    "GSS",
    "GTL",
    "GTLINFRA",
    "GTPL",
    "GUFICBIO",
    "GUJALKALI",
    "GUJAPOLLO",
    "GUJGASLTD",
    "GUJRAFFIA",
    "GULFOILLUB",
    "GULFPETRO",
    "GULPOLY",
    "GVPIL",
    "GVT&D",
    "HAL",
    "HALEOSLABS",
    "HAPPSTMNDS",
    "HARRMALAYA",
    "HATHWAY",
    "HATSUN",
    "HAVELLS",
    "HAVISHA",
    "HBLENGINE",
    "HBSL",
    "HCC",
    "HCG",
    "HCL-INSYS",
    "HCLTECH",
    "HDFCAMC",
    "HDFCBANK",
    "HDFCLIFE",
    "HEADSUP",
    "HEG",
    "HEIDELBERG",
    "HEMIPROP",
    "HERANBA",
    "HERITGFOOD",
    "HEROMOTOCO",
    "HESTERBIO",
    "HEXATRADEX",
    "HFCL",
    "HGINFRA",
    "HGM",
    "HGS",
    "HIKAL",
    "HILTON",
    "HIMATSEIDE",
    "HINDALCO",
    "HINDCOMPOS",
    "HINDCON",
    "HINDCOPPER",
    "HINDOILEXP",
    "HINDPETRO",
    "HINDUNILVR",
    "HINDWAREAP",
    "HINDZINC",
    "HIRECT",
    "HISARMETAL",
    "HITECH",
    "HITECHCORP",
    "HITECHGEAR",
    "HLEGLAS",
    "HLVLTD",
    "HMT",
    "HMVL",
    "HNDFDS",
    "HOMEFIRST",
    "HONAUT",
    "HONDAPOWER",
    "HPL",
    "HSCL",
    "HTMEDIA",
    "HUBTOWN",
    "HUDCO",
    "HUHTAMAKI",
    "IBULLSLTD",
    "ICDSLTD",
    "ICEMAKE",
    "ICICIBANK",
    "ICICIGI",
    "ICICIPRULI",
    "ICIL",
    "ICRA",
    "IDBI",
    "IDEA",
    "IDFCFIRSTB",
    "IEX",
    "IFBAGRO",
    "IFBIND",
    "IFCI",
    "IFGLEXPOR",
    "IGARASHI",
    "IGL",
    "IGPL",
    "IIFL",
    "IIFLCAPS",
    "IITL",
    "IL&FSENGG",
    "IL&FSTRANS",
    "IMAGICAA",
    "IMFA",
    "IMPAL",
    "INCREDIBLE",
    "INDBANK",
    "INDHOTEL",
    "INDIACEM",
    "INDIAGLYCO",
    "INDIAMART",
    "INDIANB",
    "INDIANCARD",
    "INDIANHUME",
    "INDIGO",
    "INDIGOPNTS",
    "INDNIPPON",
    "INDOCO",
    "INDORAMA",
    "INDOSTAR",
    "INDOTECH",
    "INDOTHAI",
    "INDOWIND",
    "INDRAMEDCO",
    "INDSWFTLAB",
    "INDTERRAIN",
    "INDUSINDBK",
    "INDUSTOWER",
    "INFOBEAN",
    "INFY",
    "INGERRAND",
    "INNOVANA",
    "INOXWIND",
    "INSECTICID",
    "INSPIRISYS",
    "INTELLECT",
    "INTENTECH",
    "INVENTURE",
    "IOB",
    "IOC",
    "IOLCP",
    "IPCALAB",
    "IPL",
    "IRB",
    "IRCON",
    "IRCTC",
    "IRFC",
    "IRISDOREME",
    "ISFT",
    "ISGEC",
    "ITC",
    "ITDC",
    "ITI",
    "IVC",
    "IVP",
    "IZMO",
    "J&KBANK",
    "JAGRAN",
    "JAGSNPHARM",
    "JAIBALAJI",
    "JAICORPLTD",
    "JAIPURKURT",
    "JAMNAAUTO",
    "JASH",
    "JAYAGROGN",
    "JAYBARMARU",
    "JAYNECOIND",
    "JAYSREETEA",
    "JBCHEPHARM",
    "JBMA",
    "JHS",
    "JINDALPHOT",
    "JINDALPOLY",
    "JINDALSAW",
    "JINDALSTEL",
    "JINDRILL",
    "JINDWORLD",
    "JISLDVREQS",
    "JISLJALEQS",
    "JITFINFRA",
    "JKCEMENT",
    "JKIL",
    "JKLAKSHMI",
    "JKPAPER",
    "JKTYRE",
    "JMA",
    "JMFINANCIL",
    "JOCIL",
    "JPASSOCIAT",
    "JPOLYINVST",
    "JPPOWER",
    "JSL",
    "JSWENERGY",
    "JSWHL",
    "JSWSTEEL",
    "JTEKTINDIA",
    "JUBLFOOD",
    "JUBLINGREA",
    "JUBLPHARMA",
    "JUSTDIAL",
    "JWL",
    "JYOTHYLAB",
    "JYOTISTRUC",
    "KABRAEXTRU",
    "KAJARIACER",
    "KAKATCEM",
    "KALYANIFRG",
    "KALYANKJIL",
    "KAMATHOTEL",
    "KAMDHENU",
    "KANANIIND",
    "KANORICHEM",
    "KANPRPLA",
    "KANSAINER",
    "KAPSTON",
    "KARMAENG",
    "KARURVYSYA",
    "KAVDEFENCE",
    "KAYA",
    "KCP",
    "KCPSUGIND",
    "KDDL",
    "KEC",
    "KECL",
    "KEI",
    "KELLTONTEC",
    "KERNEX",
    "KESORAMIND",
    "KEYFINSERV",
    "KHADIM",
    "KHAICHEM",
    "KHAITANLTD",
    "KHANDSE",
    "KICL",
    "KILITCH",
    "KIMS",
    "KINGFA",
    "KIOCL",
    "KIRIINDUS",
    "KIRLOSBROS",
    "KIRLOSENG",
    "KIRLOSIND",
    "KITEX",
    "KKCL",
    "KMSUGAR",
    "KNRCON",
    "KOKUYOCMLN",
    "KOLTEPATIL",
    "KOPRAN",
    "KOTAKBANK",
    "KOTARISUG",
    "KOTHARIPET",
    "KOTHARIPRO",
    "KPIGREEN",
    "KPIL",
    "KPITTECH",
    "KPRMILL",
    "KRBL",
    "KREBSBIO",
    "KRIDHANINF",
    "KRISHANA",
    "KRSNAA",
    "KSB",
    "KSCL",
    "KSL",
    "KSOLVES",
    "KTKBANK",
    "KUANTUM",
    "LAGNAM",
    "LALPATHLAB",
    "LAMBODHARA",
    "LAOPALA",
    "LASA",
    "LAURUSLABS",
    "LAXMICOT",
    "LCCINFOTEC",
    "LEMONTREE",
    "LEXUS",
    "LFIC",
    "LGBBROSLTD",
    "LIBAS",
    "LIBERTSHOE",
    "LICHSGFIN",
    "LIKHITHA",
    "LINC",
    "LINCOLN",
    "LINDEINDIA",
    "LLOYDSENGG",
    "LMW",
    "LODHA",
    "LOKESHMACH",
    "LOTUSEYE",
    "LOVABLE",
    "LPDC",
    "LT",
    "LTF",
    "LTFOODS",
    "LTM",
    "LTTS",
    "LUMAXIND",
    "LUMAXTECH",
    "LUPIN",
    "LUXIND",
    "LXCHEM",
    "LYKALABS",
    "LYPSAGEMS",
    "M&M",
    "M&MFIN",
    "MAANALU",
    "MACPOWER",
    "MADHAV",
    "MADHUCON",
    "MADRASFERT",
    "MAGADSUGAR",
    "MAGNUM",
    "MAHABANK",
    "MAHAPEXLTD",
    "MAHASTEEL",
    "MAHEPC",
    "MAHESHWARI",
    "MAHLIFE",
    "MAHLOG",
    "MAHSCOOTER",
    "MAHSEAMLES",
    "MAITHANALL",
    "MALUPAPER",
    "MANAKALUCO",
    "MANAKCOAT",
    "MANAKSIA",
    "MANAKSTEEL",
    "MANALIPETC",
    "MANAPPURAM",
    "MANGALAM",
    "MANGLMCEM",
    "MANINDS",
    "MANINFRA",
    "MANUGRAPH",
    "MARALOVER",
    "MARATHON",
    "MARICO",
    "MARINE",
    "MARKSANS",
    "MARUTI",
    "MASFIN",
    "MASKINVEST",
    "MASTEK",
    "MATRIMONY",
    "MAWANASUG",
    "MAXHEALTH",
    "MAXIND",
    "MAYURUNIQ",
    "MAZDA",
    "MAZDOCK",
    "MBAPL",
    "MBLINFRA",
    "MCL",
    "MCLEODRUSS",
    "MCX",
    "MENONBE",
    "MEP",
    "METROPOLIS",
    "MFSL",
    "MGEL",
    "MGL",
    "MHRIL",
    "MIDHANI",
    "MINDACORP",
    "MINDTECK",
    "MIRCELECTR",
    "MIRZAINT",
    "MITCON",
    "MITTAL",
    "MMFL",
    "MMP",
    "MMTC",
    "MODIRUBBER",
    "MODISONLTD",
    "MOHITIND",
    "MOIL",
    "MOKSH",
    "MOL",
    "MOLDTECH",
    "MOLDTKPAC",
    "MONTECARLO",
    "MORARJEE",
    "MOREPENLAB",
    "MOTHERSON",
    "MOTILALOFS",
    "MOTOGENFIN",
    "MPHASIS",
    "MPSLTD",
    "MRF",
    "MRPL",
    "MSPL",
    "MSTCLTD",
    "MTARTECH",
    "MTEDUCARE",
    "MTNL",
    "MUKANDLTD",
    "MUKTAARTS",
    "MUNJALAU",
    "MUNJALSHOW",
    "MURUDCERA",
    "MUTHOOTCAP",
    "MUTHOOTFIN",
    "NACLIND",
    "NAGAFERT",
    "NAGREEKCAP",
    "NAGREEKEXP",
    "NAHARCAP",
    "NAHARINDUS",
    "NAHARPOLY",
    "NAHARSPING",
    "NAM-INDIA",
    "NATCOPHARM",
    "NATHBIOGEN",
    "NATIONALUM",
    "NAUKRI",
    "NAVA",
    "NAVINFLUOR",
    "NAVKARCORP",
    "NAVNETEDUL",
    "NAZARA",
    "NBCC",
    "NBIFIN",
    "NCC",
    "NCLIND",
    "NDGL",
    "NDL",
    "NDLVENTURE",
    "NDRAUTO",
    "NDTV",
    "NECCLTD",
    "NECLIFE",
    "NELCAST",
    "NELCO",
    "NEOGEN",
    "NESCO",
    "NESTLEIND",
    "NETWORK18",
    "NEULANDLAB",
    "NEWGEN",
    "NEXTMEDIA",
    "NFL",
    "NGIL",
    "NH",
    "NHPC",
    "NIACL",
    "NIBL",
    "NIITLTD",
    "NILAINFRA",
    "NILASPACES",
    "NILKAMAL",
    "NIPPOBATRY",
    "NIRAJ",
    "NITCO",
    "NITINSPIN",
    "NITIRAJ",
    "NKIND",
    "NLCINDIA",
    "NMDC",
    "NOCIL",
    "NOIDATOLL",
    "NORBTEAEXP",
    "NRAIL",
    "NRBBEARING",
    "NSIL",
    "NTPC",
    "NUCLEUS",
    "NURECA",
    "NUVOCO",
    "OAL",
    "OBEROIRLTY",
    "OFSS",
    "OIL",
    "OILCOUNTUB",
    "OLECTRA",
    "OMAXAUTO",
    "OMAXE",
    "OMINFRAL",
    "ONELIFECAP",
    "ONEPOINT",
    "ONGC",
    "ONMOBILE",
    "ONWARDTEC",
    "OPTIEMUS",
    "ORBTEXP",
    "ORCHPHARMA",
    "ORICONENT",
    "ORIENTALTL",
    "ORIENTBELL",
    "ORIENTCEM",
    "ORIENTCER",
    "ORIENTELEC",
    "ORIENTHOT",
    "ORIENTLTD",
    "ORIENTPPR",
    "ORISSAMINE",
    "ORTINGLOBE",
    "OSWALAGRO",
    "OSWALGREEN",
    "OSWALSEEDS",
    "PAGEIND",
    "PAISALO",
    "PALASHSECU",
    "PALREDTEC",
    "PANACEABIO",
    "PANACHE",
    "PANAMAPET",
    "PANSARI",
    "PAR",
    "PARACABLES",
    "PARAGMILK",
    "PARSVNATH",
    "PATANJALI",
    "PATELENG",
    "PATINTLOG",
    "PCBL",
    "PCJEWELLER",
    "PDMJEPAPER",
    "PDSL",
    "PEARLPOLY",
    "PENIND",
    "PENINLAND",
    "PERSISTENT",
    "PETRONET",
    "PFC",
    "PFIZER",
    "PFOCUS",
    "PFS",
    "PGEL",
    "PGHH",
    "PGHL",
    "PGIL",
    "PHOENIXLTD",
    "PIDILITIND",
    "PIIND",
    "PILANIINVS",
    "PILITA",
    "PIONEEREMB",
    "PITTIENG",
    "PKTEA",
    "PLASTIBLEN",
    "PNB",
    "PNBGILTS",
    "PNBHOUSING",
    "PNC",
    "PNCINFRA",
    "PODDARMENT",
    "POKARNA",
    "POLYCAB",
    "POLYMED",
    "POLYPLEX",
    "PONNIERODE",
    "POONAWALLA",
    "POWERGRID",
    "POWERINDIA",
    "POWERMECH",
    "PPAP",
    "PPL",
    "PRAENG",
    "PRAJIND",
    "PRAKASH",
    "PRAKASHSTL",
    "PRAXIS",
    "PRECAM",
    "PRECOT",
    "PRECWIRE",
    "PREMEXPLN",
    "PREMIER",
    "PREMIERPOL",
    "PRESTIGE",
    "PRICOLLTD",
    "PRIMESECU",
    "PRINCEPIPE",
    "PRITI",
    "PRITIKAUTO",
    "PRIVISCL",
    "PROZONER",
    "PRSMJOHNSN",
    "PSB",
    "PSPPROJECT",
    "PTC",
    "PTL",
    "PUNJABCHEM",
    "PURVA",
    "PVP",
    "PVRINOX",
    "QUESS",
    "QUICKHEAL",
    "RADICO",
    "RADIOCITY",
    "RAILTEL",
    "RAIN",
    "RAJESHEXPO",
    "RAJMET",
    "RAJRATAN",
    "RAJSREESUG",
    "RAJTV",
    "RALLIS",
    "RAMANEWS",
    "RAMASTEEL",
    "RAMCOCEM",
    "RAMCOIND",
    "RAMCOSYS",
    "RAMKY",
    "RANASUG",
    "RANEHOLDIN",
    "RATNAMANI",
    "RAYMOND",
    "RBA",
    "RBLBANK",
    "RCF",
    "RECLTD",
    "REDINGTON",
    "REFEX",
    "RELAXO",
    "RELIANCE",
    "RELIGARE",
    "RELINFRA",
    "REMSONSIND",
    "RENUKA",
    "REPCOHOME",
    "REPL",
    "REPRO",
    "RESPONIND",
    "RGL",
    "RHFL",
    "RHIM",
    "RICOAUTO",
    "RIIL",
    "RITES",
    "RKDL",
    "RKEC",
    "RKFORGE",
    "RML",
    "ROHLTD",
    "ROLEXRINGS",
    "ROLLT",
    "ROML",
    "ROSSARI",
    "ROSSELLIND",
    "ROUTE",
    "RPGLIFE",
    "RPOWER",
    "RPPINFRA",
    "RPPL",
    "RPSGVENT",
    "RSSOFTWARE",
    "RSWM",
    "RSYSTEMS",
    "RTNINDIA",
    "RTNPOWER",
    "RUBYMILLS",
    "RUCHINFRA",
    "RUCHIRA",
    "RUPA",
    "RUSHIL",
    "RVHL",
    "RVNL",
    "SABEVENTS",
    "SADBHAV",
    "SADBHIN",
    "SAFARI",
    "SAGARDEEP",
    "SAGCEM",
    "SAIL",
    "SAKAR",
    "SAKHTISUG",
    "SAKSOFT",
    "SAKUMA",
    "SALASAR",
    "SALONA",
    "SALSTEEL",
    "SALZERELEC",
    "SAMBHAAV",
    "SAMMAANCAP",
    "SAMPANN",
    "SANCO",
    "SANDESH",
    "SANDHAR",
    "SANGAMIND",
    "SANGHIIND",
    "SANGHVIMOV",
    "SANGINITA",
    "SANOFI",
    "SARDAEN",
    "SAREGAMA",
    "SARLAPOLY",
    "SARVESHWAR",
    "SASKEN",
    "SASTASUNDR",
    "SATIA",
    "SATIN",
    "SBCL",
    "SBICARD",
    "SBILIFE",
    "SBIN",
    "SCHAEFFLER",
    "SCHAND",
    "SCHNEIDER",
    "SCI",
    "SDBL",
    "SEAMECLTD",
    "SECURKLOUD",
    "SEMAC",
    "SEPC",
    "SERVOTECH",
    "SESHAPAPER",
    "SETCO",
    "SETUINFRA",
    "SFL",
    "SGIL",
    "SGL",
    "SHAH",
    "SHAHALLOYS",
    "SHAKTIPUMP",
    "SHALBY",
    "SHALPAINTS",
    "SHANKARA",
    "SHANTI",
    "SHANTIGEAR",
    "SHARDACROP",
    "SHARDAMOTR",
    "SHAREINDIA",
    "SHEMAROO",
    "SHILPAMED",
    "SHIVAMAUTO",
    "SHIVAMILLS",
    "SHIVATEX",
    "SHK",
    "SHOPERSTOP",
    "SHRADHA",
    "SHREDIGCEM",
    "SHREECEM",
    "SHREEPUSHK",
    "SHREERAMA",
    "SHRENIK",
    "SHREYANIND",
    "SHRIPISTON",
    "SHRIRAMFIN",
    "SHYAMCENT",
    "SHYAMMETL",
    "SIEMENS",
    "SIGIND",
    "SIGMAADV",
    "SIKKO",
    "SIL",
    "SILGO",
    "SILINV",
    "SILLYMONKS",
    "SILVERTUC",
    "SIMBHALS",
    "SIMPLEXINF",
    "SINTERCOM",
    "SIRCA",
    "SIS",
    "SITINET",
    "SIYSIL",
    "SJVN",
    "SKFINDIA",
    "SKIPPER",
    "SKMEGGPROD",
    "SMARTLINK",
    "SMCGLOBAL",
    "SMLMAH",
    "SMSPHARMA",
    "SNOWMAN",
    "SOBHA",
    "SOFTTECH",
    "SOLARA",
    "SOLARINDS",
    "SOLEX",
    "SOMANYCERA",
    "SOMATEX",
    "SOMICONVEY",
    "SONACOMS",
    "SONAMLTD",
    "SONATSOFTW",
    "SOTL",
    "SOUTHBANK",
    "SOUTHWEST",
    "SPAL",
    "SPANDANA",
    "SPARC",
    "SPECIALITY",
    "SPENCERS",
    "SPIC",
    "SPLIL",
    "SPMLINFRA",
    "SREEL",
    "SRF",
    "SRHHYPOLTD",
    "SSWL",
    "STAR",
    "STARCEMENT",
    "STARPAPER",
    "STCINDIA",
    "STEELCITY",
    "STEELXIND",
    "STEL",
    "STERTOOLS",
    "STLTECH",
    "STOVEKRAFT",
    "STYLAMIND",
    "STYRENIX",
    "SUBEXLTD",
    "SUBROS",
    "SUDARCOLOR",
    "SUDARSCHEM",
    "SUMICHEM",
    "SUMIT",
    "SUMMITSEC",
    "SUNDARAM",
    "SUNDARMFIN",
    "SUNDRMBRAK",
    "SUNDRMFAST",
    "SUNDROP",
    "SUNFLAG",
    "SUNPHARMA",
    "SUNTECK",
    "SUNTV",
    "SUPERHOUSE",
    "SUPERSPIN",
    "SUPRAJIT",
    "SUPREMEENG",
    "SUPREMEIND",
    "SUPREMEINF",
    "SURANASOL",
    "SURANAT&P",
    "SURYALAXMI",
    "SURYAROSNI",
    "SURYODAY",
    "SUTLEJTEX",
    "SUVEN",
    "SUVIDHAA",
    "SUZLON",
    "SVPGLOB",
    "SWANCORP",
    "SWARAJENG",
    "SWELECTES",
    "SWSOLAR",
    "SYMPHONY",
    "SYNGENE",
    "TAINWALCHM",
    "TAJGVK",
    "TAKE",
    "TALBROAUTO",
    "TANLA",
    "TARACHAND",
    "TARAPUR",
    "TARC",
    "TARIL",
    "TARMAT",
    "TASTYBITE",
    "TATACHEM",
    "TATACOMM",
    "TATACONSUM",
    "TATAELXSI",
    "TATAINVEST",
    "TATAPOWER",
    "TATASTEEL",
    "TATVA",
    "TBZ",
    "TCI",
    "TCIEXP",
    "TCPLPACK",
    "TCS",
    "TDPOWERSYS",
    "TEAMGTY",
    "TEAMLEASE",
    "TECHM",
    "TECHNOE",
    "TEJASNET",
    "TEMBO",
    "TERASOFT",
    "TEXINFRA",
    "TEXMOPIPES",
    "TEXRAIL",
    "TFCILTD",
    "TFL",
    "TGBHOTELS",
    "THANGAMAYL",
    "THEINVEST",
    "THEJO",
    "THEMISMED",
    "THERMAX",
    "THOMASCOOK",
    "THOMASCOTT",
    "THYROCARE",
    "TI",
    "TIIL",
    "TIINDIA",
    "TIJARIA",
    "TIL",
    "TIMETECHNO",
    "TIMKEN",
    "TIPSMUSIC",
    "TIRUMALCHM",
    "TIRUPATIFL",
    "TITAGARH",
    "TITAN",
    "TMPV",
    "TNPETRO",
    "TNPL",
    "TNTELE",
    "TOKYOPLAST",
    "TORNTPHARM",
    "TORNTPOWER",
    "TOTAL",
    "TOUCHWOOD",
    "TPLPLASTEH",
    "TRANSWORLD",
    "TREEHOUSE",
    "TREJHARA",
    "TRENT",
    "TRF",
    "TRIDENT",
    "TRIGYN",
    "TRITURBINE",
    "TRIVENI",
    "TSFINV",
    "TTKHLTCARE",
    "TTKPRESTIG",
    "TTL",
    "TTML",
    "TVSELECT",
    "TVSHLTD",
    "TVSMOTOR",
    "TVSSRICHAK",
    "TVTODAY",
    "TVVISION",
    "UBL",
    "UCAL",
    "UCOBANK",
    "UFBL",
    "UFLEX",
    "UFO",
    "UGARSUGAR",
    "UGROCAP",
    "UJJIVANSFB",
    "ULTRACEMCO",
    "UMESLTD",
    "UMIYA-MRO",
    "UNICHEMLAB",
    "UNIDT",
    "UNIENTER",
    "UNIINFO",
    "UNIONBANK",
    "UNITDSPR",
    "UNITECH",
    "UNITEDTEA",
    "UNIVASTU",
    "UNIVCABLES",
    "UNIVPHOTO",
    "UNOMINDA",
    "UPL",
    "URJA",
    "USHAMART",
    "UTIAMC",
    "UTTAMSUGAR",
    "V2RETAIL",
    "VADILALIND",
    "VAIBHAVGBL",
    "VAISHALI",
    "VAKRANGEE",
    "VALIANTORG",
    "VARDHACRLC",
    "VARDMNPOLY",
    "VARROC",
    "VASCONEQ",
    "VASWANI",
    "VBL",
    "VEDL",
    "VEEDOL",
    "VENKEYS",
    "VENUSREM",
    "VESUVIUS",
    "VETO",
    "VGL",
    "VGUARD",
    "VHL",
    "VIDHIING",
    "VIJAYA",
    "VIJIFIN",
    "VIKASECO",
    "VIKASLIFE",
    "VIMTALABS",
    "VINATIORGA",
    "VINDHYATEL",
    "VINEETLAB",
    "VINYLINDIA",
    "VIPCLOTHNG",
    "VIPIND",
    "VIPULLTD",
    "VISAKAIND",
    "VISHNU",
    "VISHWARAJ",
    "VIVIDHA",
    "VIYASH",
    "VLSFINANCE",
    "VMART",
    "VOLTAMP",
    "VOLTAS",
    "VRLLOG",
    "VSSL",
    "VSTIND",
    "VSTTILLERS",
    "VTL",
    "WABAG",
    "WALCHANNAG",
    "WANBURY",
    "WEALTH",
    "WEBELSOLAR",
    "WEIZMANIND",
    "WELCORP",
    "WELENT",
    "WELINV",
    "WELSPUNLIV",
    "WENDT",
    "WESTLIFE",
    "WHEELS",
    "WHIRLPOOL",
    "WILLAMAGOR",
    "WINDLAS",
    "WINDMACHIN",
    "WIPL",
    "WIPRO",
    "WOCKPHARMA",
    "WONDERLA",
    "WORTHPERI",
    "WSTCSTPAPR",
    "XCHANGING",
    "XELPMOC",
    "XPROINDIA",
    "YESBANK",
    "YUKEN",
    "ZEEL",
    "ZEELEARN",
    "ZEEMEDIA",
    "ZENITHEXPO",
    "ZENITHSTL",
    "ZENSARTECH",
    "ZENTEC",
    "ZFCVINDIA",
    "ZODIAC",
    "ZODIACLOTH",
    "ZOTA",
    "ZUARI",
    "ZUARIIND",
    "ZYDUSLIFE",
    "ZYDUSWELL"
  ],
  "selected_stocks": [
    "21STCENMGM",
    "KRISHANA",
    "E2E",
    "CGPOWER",
    "INDOTHAI",
    "WEALTH",
    "KAVDEFENCE",
    "SOMATEX",
    "ICICIBANK",
    "SUNDARMFIN",
    "BRITANNIA",
    "THOMASCOTT",
    "SERVOTECH",
    "SOLEX",
    "ZODIAC"
  ],
  "selected_indices": [
    1,
    792,
    393,
    281,
    653,
    1544,
    749,
    1306,
    613,
    1346,
    240,
    1420,
    1239,
    1304,
    1577
  ],
  "matrices": {
    "covariance_selected": [
      [
        0.06766246796682214,
        -0.0007840776947618013,
        0.007690328448958902,
        0.0007643947824988791,
        0.005516243277360209,
        0.004897797194972455,
        0.012573981634671718,
        0.004410283782345526,
        0.002392780569601669,
        0.003571069374106855,
        0.0005772654459934757,
        0.010132111338583107,
        0.0012966802703907356,
        0.004402473142345656,
        0.004404986520579607
      ],
      [
        -0.0007840776947618013,
        0.192847153545672,
        0.009783078414528993,
        0.015627670738276797,
        0.0017506393678835836,
        0.005304118995282616,
        0.004207213500537209,
        0.009747245242112141,
        0.006719465866646518,
        0.008441920830981229,
        0.0026827430596389214,
        0.017160253187433663,
        0.009045912547473547,
        0.01409899871220453,
        0.006825104093616989
      ],
      [
        0.007690328448958902,
        0.009783078414528993,
        0.3011922087546697,
        -0.0015502272595497876,
        0.01589194523689573,
        0.008217300644278745,
        0.017875431553675165,
        0.003309808201307264,
        0.008785186760859364,
        0.013060732626601484,
        0.007469752718304955,
        0.022844901846309277,
        0.02285599322653213,
        0.02937549420155358,
        0.02848928263614524
      ],
      [
        0.0007643947824988791,
        0.015627670738276797,
        -0.0015502272595497876,
        0.15688967843018836,
        0.013295449270350672,
        0.009077319406789826,
        0.004019128554344554,
        0.0050119117134888895,
        0.012771868596180421,
        0.016223753091557713,
        0.003982115881523446,
        0.007481081676888972,
        0.01481752008107477,
        0.02510045648369912,
        0.01421110443012933
      ],
      [
        0.005516243277360209,
        0.0017506393678835836,
        0.01589194523689573,
        0.013295449270350672,
        0.22708021530093053,
        0.009047507523583206,
        0.012634276185912138,
        0.003790059111527749,
        0.005777000606663213,
        0.007926464022883857,
        0.005873901553753314,
        0.0037545303608223345,
        0.0215543574554649,
        0.01587685672248838,
        0.016250949582155356
      ],
      [
        0.004897797194972455,
        0.005304118995282616,
        0.008217300644278745,
        0.009077319406789826,
        0.009047507523583206,
        0.31635187416839694,
        0.009906019768772454,
        -0.0009796971575797427,
        0.004114577747529013,
        -0.0014050056518537686,
        0.003742737630476584,
        0.0025531937143766573,
        0.008079996732557666,
        0.01774125111396252,
        0.014318609782297894
      ],
      [
        0.012573981634671718,
        0.004207213500537209,
        0.017875431553675165,
        0.004019128554344554,
        0.012634276185912138,
        0.009906019768772454,
        0.23444339997403119,
        0.00877664517797603,
        -0.00024729898327566316,
        0.006532142394297405,
        0.006930339238283306,
        0.0168081886318826,
        0.027030735575924097,
        0.005191170761898285,
        0.03225655908056474
      ],
      [
        0.004410283782345526,
        0.009747245242112141,
        0.003309808201307264,
        0.0050119117134888895,
        0.003790059111527749,
        -0.0009796971575797427,
        0.00877664517797603,
        0.3493399478556619,
        0.006441975861323205,
        0.010980677692187834,
        0.0010172222201521835,
        0.0012982065487871963,
        0.01235267038496929,
        0.001009864875755097,
        0.005980813029482077
      ],
      [
        0.002392780569601669,
        0.006719465866646518,
        0.008785186760859364,
        0.012771868596180421,
        0.005777000606663213,
        0.004114577747529013,
        -0.00024729898327566316,
        0.006441975861323205,
        0.0563116279079355,
        0.012912083610123446,
        0.003578847922617306,
        0.006223866319781498,
        0.0028776272956748243,
        0.008246678700874763,
        0.00930378610412462
      ],
      [
        0.003571069374106855,
        0.008441920830981229,
        0.013060732626601484,
        0.016223753091557713,
        0.007926464022883857,
        -0.0014050056518537686,
        0.006532142394297405,
        0.010980677692187834,
        0.012912083610123446,
        0.10880811666875354,
        0.002208675873086916,
        0.009122732092991583,
        0.005333580290697621,
        0.017009693943694674,
        0.005860011719435611
      ],
      [
        0.0005772654459934757,
        0.0026827430596389214,
        0.007469752718304955,
        0.003982115881523446,
        0.005873901553753314,
        0.003742737630476584,
        0.006930339238283306,
        0.0010172222201521835,
        0.003578847922617306,
        0.002208675873086916,
        0.037102936440273036,
        0.0034242057754775264,
        0.004957154840034422,
        0.003359897424489604,
        0.0034535943945234624
      ],
      [
        0.010132111338583107,
        0.017160253187433663,
        0.022844901846309277,
        0.007481081676888972,
        0.0037545303608223345,
        0.0025531937143766573,
        0.0168081886318826,
        0.0012982065487871963,
        0.006223866319781498,
        0.009122732092991583,
        0.0034242057754775264,
        0.2538204930607681,
        0.011126543791771082,
        0.0078050103685956985,
        0.020851963495348468
      ],
      [
        0.0012966802703907356,
        0.009045912547473547,
        0.02285599322653213,
        0.01481752008107477,
        0.0215543574554649,
        0.008079996732557666,
        0.027030735575924097,
        0.01235267038496929,
        0.0028776272956748243,
        0.005333580290697621,
        0.004957154840034422,
        0.011126543791771082,
        0.25186431461290526,
        0.030627083213222855,
        0.030455649787092524
      ],
      [
        0.004402473142345656,
        0.01409899871220453,
        0.02937549420155358,
        0.02510045648369912,
        0.01587685672248838,
        0.01774125111396252,
        0.005191170761898285,
        0.001009864875755097,
        0.008246678700874763,
        0.017009693943694674,
        0.003359897424489604,
        0.0078050103685956985,
        0.030627083213222855,
        0.364227198961971,
        0.033032225180394975
      ],
      [
        0.004404986520579607,
        0.006825104093616989,
        0.02848928263614524,
        0.01421110443012933,
        0.016250949582155356,
        0.014318609782297894,
        0.03225655908056474,
        0.005980813029482077,
        0.00930378610412462,
        0.005860011719435611,
        0.0034535943945234624,
        0.020851963495348468,
        0.030455649787092524,
        0.033032225180394975,
        0.23879500696915837
      ]
    ],
    "qubo_selected": [
      [
        -32074.30103086582,
        0.0054327816144950445,
        0.019268761591085128,
        0.0015287895649977582,
        0.010985963283848776,
        0.004785561139203338,
        0.007438729675342706,
        0.025147963269343435,
        -0.0015681553895236025,
        0.013764376568316519,
        0.002593360540781471,
        0.00714213874821371,
        0.01145308143273639,
        0.009491082642757581,
        0.00979559438994491
      ],
      [
        0.0054327816144950445,
        -32074.197611778953,
        0.025458534628267526,
        0.024089901942455562,
        0.013572882809089224,
        0.020708241815109243,
        0.015208967892650437,
        0.00885444129492433,
        0.008088953121139286,
        0.01831732801736266,
        0.025334610513379232,
        0.019900608656245745,
        0.019073467058751962,
        0.0031662787452154282,
        0.008289941505243507
      ],
      [
        0.019268761591085128,
        0.025458534628267526,
        -32074.50788512622,
        0.028694265892418382,
        0.03132229691534921,
        0.029575487744450835,
        0.020769429851315052,
        0.006757515333787115,
        0.034263006389551875,
        0.0401960601514186,
        0.05179739279255627,
        0.005050300189745893,
        0.03649817977371109,
        0.007959017800802073,
        -0.0019506505420340341
      ],
      [
        0.0015287895649977582,
        0.024089901942455562,
        0.028694265892418382,
        -32074.627200721505,
        0.023090295314571803,
        0.025543737192360843,
        0.017154491818802773,
        0.008038257108689108,
        0.031255341476553594,
        0.015027122267112659,
        0.02963504016214954,
        0.03244750618311543,
        0.024608230087446347,
        0.019625065183008845,
        0.018154638813579652
      ],
      [
        0.010985963283848776,
        0.013572882809089224,
        0.03132229691534921,
        0.023090295314571803,
        -32074.484382144157,
        0.016803095152946125,
        0.019344591680676412,
        0.0033057571270824473,
        0.013851844477005928,
        0.029350149484936302,
        0.02695687724205862,
        0.0054221827399939726,
        0.010772186958989386,
        0.006375118928578863,
        0.011678866572348788
      ],
      [
        0.004785561139203338,
        0.020708241815109243,
        0.029575487744450835,
        0.025543737192360843,
        0.016803095152946125,
        -32074.245646701867,
        0.01500719174568489,
        -0.0004945979665513263,
        0.013438931733293037,
        0.009683491828581818,
        0.0057552545913496485,
        0.025824167220246892,
        0.013804119180195197,
        0.0009769914226808965,
        0.008229155495058026
      ],
      [
        0.007438729675342706,
        0.015208967892650437,
        0.020769429851315052,
        0.017154491818802773,
        0.019344591680676412,
        0.01500719174568489,
        -32074.237869856872,
        0.010801527755798733,
        0.01541808592044925,
        0.030623625262800897,
        0.01976117785470207,
        0.017330765243286504,
        0.01067027254497606,
        -0.00681128584989881,
        0.008779689088139215
      ],
      [
        0.025147963269343435,
        0.00885444129492433,
        0.006757515333787115,
        0.008038257108689108,
        0.0033057571270824473,
        -0.0004945979665513263,
        0.010801527755798733,
        -32074.69717030796,
        0.008414427001074419,
        0.04000545590379758,
        0.054061471151848194,
        0.01306428478859481,
        0.038264279589908745,
        -0.005853049114139268,
        0.019812039537544908
      ],
      [
        -0.0015681553895236025,
        0.008088953121139286,
        0.034263006389551875,
        0.031255341476553594,
        0.013851844477005928,
        0.013438931733293037,
        0.01541808592044925,
        0.008414427001074419,
        -32074.50920699832,
        0.010246496225566424,
        0.018091825094947094,
        0.016883841661962457,
        0.020150592478023206,
        0.012364667284611858,
        0.010608237990565232
      ],
      [
        0.013764376568316519,
        0.01831732801736266,
        0.0401960601514186,
        0.015027122267112659,
        0.029350149484936302,
        0.009683491828581818,
        0.030623625262800897,
        0.04000545590379758,
        0.010246496225566424,
        -32074.46349680884,
        0.042719737050924224,
        0.013749555154971426,
        0.028527618841880764,
        0.013699130563434043,
        0.02341402454027278
      ],
      [
        0.002593360540781471,
        0.025334610513379232,
        0.05179739279255627,
        0.02963504016214954,
        0.02695687724205862,
        0.0057552545913496485,
        0.01976117785470207,
        0.054061471151848194,
        0.018091825094947094,
        0.042719737050924224,
        -32074.676148945004,
        0.010667160581395241,
        0.03508710740355507,
        0.013605480674399041,
        0.016159993465115333
      ],
      [
        0.00714213874821371,
        0.019900608656245745,
        0.005050300189745893,
        0.03244750618311543,
        0.0054221827399939726,
        0.025824167220246892,
        0.017330765243286504,
        0.01306428478859481,
        0.016883841661962457,
        0.013749555154971426,
        0.010667160581395241,
        -32074.191689962605,
        0.01116009076864291,
        0.005038795240564878,
        -0.0028100113037075373
      ],
      [
        0.01145308143273639,
        0.019073467058751962,
        0.03649817977371109,
        0.024608230087446347,
        0.010772186958989386,
        0.013804119180195197,
        0.01067027254497606,
        0.038264279589908745,
        0.020150592478023206,
        0.028527618841880764,
        0.03508710740355507,
        0.01116009076864291,
        -32074.284445840072,
        -0.005605267344962125,
        0.041218076115985124
      ],
      [
        0.009491082642757581,
        0.0031662787452154282,
        0.007959017800802073,
        0.019625065183008845,
        0.006375118928578863,
        0.0009769914226808965,
        -0.00681128584989881,
        -0.005853049114139268,
        0.012364667284611858,
        0.013699130563434043,
        0.013605480674399041,
        0.005038795240564878,
        -0.005605267344962125,
        -32074.175220639456,
        0.02309676056802093
      ],
      [
        0.00979559438994491,
        0.008289941505243507,
        -0.0019506505420340341,
        0.018154638813579652,
        0.011678866572348788,
        0.008229155495058026,
        0.008779689088139215,
        0.019812039537544908,
        0.010608237990565232,
        0.02341402454027278,
        0.016159993465115333,
        -0.0028100113037075373,
        0.041218076115985124,
        0.02309676056802093,
        -32074.34957888806
      ]
    ]
  }
}