{
  "scenario_group": "horizon",
  "scenario_name": "Horizon_12M_Train_12M",
  "scenario": {
    "train_start": "2024-03-12",
    "train_end": "2025-03-11",
    "test_start": "2025-03-12",
    "test_end": "2026-03-11",
    "description": "Test=12M, Train=12M ending at latest date"
  },
  "symbols_full": [
    "20MICRONS",
    "21STCENMGM",
    "360ONE",
    "3IINFOLTD",
    "3MINDIA",
    "3PLAND",
    "5PAISA",
    "63MOONS",
    "A2ZINFRA",
    "AAATECH",
    "AADHARHFC",
    "AAKASH",
    "AAREYDRUGS",
    "AARON",
    "AARTECH",
    "AARTIDRUGS",
    "AARTIIND",
    "AARTIPHARM",
    "AARTISURF",
    "AARVI",
    "AAVAS",
    "ABAN",
    "ABB",
    "ABBOTINDIA",
    "ABCAPITAL",
    "ABCOTS",
    "ABFRL",
    "ABINFRA",
    "ABMINTLLTD",
    "ABREL",
    "ABSLAMC",
    "ACC",
    "ACCELYA",
    "ACCURACY",
    "ACE",
    "ACEINTEG",
    "ACI",
    "ACL",
    "ACUTAAS",
    "ADANIENSOL",
    "ADANIENT",
    "ADANIGREEN",
    "ADANIPORTS",
    "ADANIPOWER",
    "ADFFOODS",
    "ADL",
    "ADOR",
    "ADROITINFO",
    "ADSL",
    "ADVANIHOTR",
    "ADVENZYMES",
    "AEGISLOG",
    "AEROENTER",
    "AEROFLEX",
    "AERONEU",
    "AETHER",
    "AFFLE",
    "AFSL",
    "AGARIND",
    "AGI",
    "AGRITECH",
    "AGROPHOS",
    "AGSTRA",
    "AHLADA",
    "AHLEAST",
    "AHLUCONT",
    "AIAENG",
    "AIIL",
    "AIRAN",
    "AIROLAM",
    "AJANTPHARM",
    "AJMERA",
    "AJOONI",
    "AKASH",
    "AKG",
    "AKI",
    "AKSHAR",
    "AKSHARCHEM",
    "AKSHOPTFBR",
    "AKZOINDIA",
    "ALANKIT",
    "ALBERTDAVD",
    "ALEMBICLTD",
    "ALICON",
    "ALIVUS",
    "ALKALI",
    "ALKEM",
    "ALKYLAMINE",
    "ALLCARGO",
    "ALLDIGI",
    "ALMONDZ",
    "ALOKINDS",
    "ALPA",
    "ALPHAGEO",
    "AMBER",
    "AMBICAAGAR",
    "AMBIKCO",
    "AMBUJACEM",
    "AMDIND",
    "AMJLAND",
    "AMNPLST",
    "AMRUTANJAN",
    "ANANDRATHI",
    "ANANTRAJ",
    "ANDHRAPAP",
    "ANDHRSUGAR",
    "ANGELONE",
    "ANIKINDS",
    "ANMOL",
    "ANTELOPUS",
    "ANTGRAPHIC",
    "ANUP",
    "ANURAS",
    "APARINDS",
    "APCL",
    "APCOTEXIND",
    "APEX",
    "APLAPOLLO",
    "APLLTD",
    "APOLLO",
    "APOLLOHOSP",
    "APOLLOPIPE",
    "APOLLOTYRE",
    "APOLSINHOT",
    "APTECHT",
    "APTUS",
    "AQYLON",
    "ARCHIDPLY",
    "ARCHIES",
    "ARE&M",
    "ARENTERP",
    "ARIES",
    "ARIHANTCAP",
    "ARIHANTSUP",
    "ARMANFIN",
    "AROGRANITE",
    "ARROWGREEN",
    "ARTEMISMED",
    "ARTNIRMAN",
    "ARVEE",
    "ARVIND",
    "ARVINDFASN",
    "ARVSMART",
    "ASAHIINDIA",
    "ASAHISONG",
    "ASAL",
    "ASALCBR",
    "ASHAPURMIN",
    "ASHIANA",
    "ASHIMASYN",
    "ASHOKA",
    "ASHOKAMET",
    "ASHOKLEY",
    "ASIANENE",
    "ASIANHOTNR",
    "ASIANPAINT",
    "ASIANTILES",
    "ASKAUTOLTD",
    "ASMS",
    "ASPINWALL",
    "ASTEC",
    "ASTERDM",
    "ASTRAL",
    "ASTRAMICRO",
    "ASTRAZEN",
    "ASTRON",
    "ATALREAL",
    "ATAM",
    "ATGL",
    "ATL",
    "ATLANTAA",
    "ATUL",
    "ATULAUTO",
    "AUBANK",
    "AURIGROW",
    "AURIONPRO",
    "AUROPHARMA",
    "AURUM",
    "AUSOMENT",
    "AUTOAXLES",
    "AUTOIND",
    "AVADHSUGAR",
    "AVALON",
    "AVANTIFEED",
    "AVG",
    "AVONMORE",
    "AVROIND",
    "AVTNPL",
    "AWHCL",
    "AWL",
    "AXISBANK",
    "AXISCADES",
    "AXITA",
    "AYMSYNTEX",
    "AZAD",
    "BAFNAPH",
    "BAGFILMS",
    "BAIDFIN",
    "BAJAJ-AUTO",
    "BAJAJCON",
    "BAJAJELEC",
    "BAJAJFINSV",
    "BAJAJHCARE",
    "BAJAJHIND",
    "BAJAJHLDNG",
    "BAJEL",
    "BAJFINANCE",
    "BALAJITELE",
    "BALAMINES",
    "BALAXI",
    "BALKRISHNA",
    "BALKRISIND",
    "BALMLAWRIE",
    "BALPHARMA",
    "BALRAMCHIN",
    "BALUFORGE",
    "BANARBEADS",
    "BANARISUG",
    "BANCOINDIA",
    "BANDHANBNK",
    "BANG",
    "BANKA",
    "BANKBARODA",
    "BANKINDIA",
    "BANSWRAS",
    "BASF",
    "BASML",
    "BATAINDIA",
    "BAYERCROP",
    "BBL",
    "BBOX",
    "BBTC",
    "BBTCL",
    "BCLIND",
    "BCONCEPTS",
    "BDL",
    "BEARDSELL",
    "BECTORFOOD",
    "BEDMUTHA",
    "BEL",
    "BEML",
    "BEPL",
    "BERGEPAINT",
    "BESTAGRO",
    "BETA",
    "BFINVEST",
    "BFUTILITIE",
    "BGRENERGY",
    "BHAGCHEM",
    "BHAGERIA",
    "BHAGYANGR",
    "BHANDARI",
    "BHARATFORG",
    "BHARATGEAR",
    "BHARATRAS",
    "BHARATWIRE",
    "BHARTIARTL",
    "BHARTIHEXA",
    "BHEL",
    "BIGBLOC",
    "BIKAJI",
    "BIL",
    "BILVYAPAR",
    "BIOCON",
    "BIOFILCHEM",
    "BIRLACABLE",
    "BIRLACORPN",
    "BIRLAMONEY",
    "BIRLANU",
    "BLAL",
    "BLBLIMITED",
    "BLISSGVS",
    "BLKASHYAP",
    "BLS",
    "BLSE",
    "BLUEDART",
    "BLUEJET",
    "BLUESTARCO",
    "BODALCHEM",
    "BOMDYEING",
    "BOROLTD",
    "BORORENEW",
    "BOSCH-HCIL",
    "BOSCHLTD",
    "BPCL",
    "BPL",
    "BRIGADE",
    "BRITANNIA",
    "BRNL",
    "BROOKS",
    "BSE",
    "BSHSL",
    "BSL",
    "BSOFT",
    "BTML",
    "BUTTERFLY",
    "BVCL",
    "BYKE",
    "CALSOFT",
    "CAMLINFINE",
    "CAMPUS",
    "CAMS",
    "CANBK",
    "CANFINHOME",
    "CANTABIL",
    "CAPACITE",
    "CAPITALSFB",
    "CAPLIPOINT",
    "CAPTRUST",
    "CARBORUNIV",
    "CARERATING",
    "CARTRADE",
    "CARYSIL",
    "CASTROLIND",
    "CCAVENUE",
    "CCHHL",
    "CCL",
    "CDSL",
    "CEATLTD",
    "CELEBRITY",
    "CELLO",
    "CEMPRO",
    "CENTENKA",
    "CENTEXT",
    "CENTRALBK",
    "CENTRUM",
    "CENTUM",
    "CENTURYPLY",
    "CERA",
    "CEREBRAINT",
    "CESC",
    "CGCL",
    "CGPOWER",
    "CHALET",
    "CHAMBLFERT",
    "CHEMBOND",
    "CHEMCON",
    "CHEMFAB",
    "CHEMPLASTS",
    "CHENNPETRO",
    "CHEVIOT",
    "CHOICEIN",
    "CHOLAFIN",
    "CHOLAHLDNG",
    "CIEINDIA",
    "CIGNITITEC",
    "CINELINE",
    "CINEVISTA",
    "CIPLA",
    "CLEAN",
    "CLEDUCATE",
    "CLSEL",
    "CMSINFO",
    "CNL",
    "COALINDIA",
    "COASTCORP",
    "COCHINSHIP",
    "COFORGE",
    "COHANCE",
    "COLPAL",
    "COMPUSOFT",
    "COMSYN",
    "CONCOR",
    "CONCORDBIO",
    "CONFIPET",
    "CONSOFINVT",
    "CONTROLPR",
    "CORALFINAC",
    "CORDSCABLE",
    "COROMANDEL",
    "COSMOFIRST",
    "COUNCODOS",
    "CPCAP",
    "CRAFTSMAN",
    "CREATIVEYE",
    "CREDITACC",
    "CREST",
    "CRISIL",
    "CROMPTON",
    "CROWN",
    "CSBBANK",
    "CSLFINANCE",
    "CTE",
    "CUB",
    "CUBEXTUB",
    "CUMMINSIND",
    "CUPID",
    "CYBERMEDIA",
    "CYBERTECH",
    "CYIENT",
    "CYIENTDLM",
    "DABUR",
    "DALBHARAT",
    "DALMIASUG",
    "DAMODARIND",
    "DANGEE",
    "DATAMATICS",
    "DATAPATTNS",
    "DAVANGERE",
    "DBCORP",
    "DBL",
    "DBOL",
    "DBREALTY",
    "DBSTOCKBRO",
    "DCAL",
    "DCBBANK",
    "DCI",
    "DCM",
    "DCMFINSERV",
    "DCMNVL",
    "DCMSHRIRAM",
    "DCMSRIND",
    "DCW",
    "DCXINDIA",
    "DECCANCE",
    "DEEPAKFERT",
    "DEEPAKNTR",
    "DEEPINDS",
    "DELHIVERY",
    "DELPHIFX",
    "DELTACORP",
    "DELTAMAGNT",
    "DEN",
    "DENORA",
    "DEVIT",
    "DEVYANI",
    "DGCONTENT",
    "DHAMPURSUG",
    "DHANBANK",
    "DHANUKA",
    "DHARAN",
    "DHARMAJ",
    "DHRUV",
    "DHUNINV",
    "DIACABS",
    "DIAMINESQ",
    "DIAMONDYD",
    "DICIND",
    "DIGIDRIVE",
    "DIGISPICE",
    "DIGJAMLMTD",
    "DISHTV",
    "DIVGIITTS",
    "DIVISLAB",
    "DIXON",
    "DJML",
    "DLF",
    "DLINKINDIA",
    "DMART",
    "DMCC",
    "DNAMEDIA",
    "DODLA",
    "DOLATALGO",
    "DOLLAR",
    "DOLPHIN",
    "DOMS",
    "DONEAR",
    "DPABHUSHAN",
    "DPSCLTD",
    "DPWIRES",
    "DRCSYSTEMS",
    "DREAMFOLKS",
    "DREDGECORP",
    "DRREDDY",
    "DSSL",
    "DTIL",
    "DUCON",
    "DVL",
    "DWARKESH",
    "DYCL",
    "DYNAMATECH",
    "DYNPRO",
    "E2E",
    "EASEMYTRIP",
    "ECLERX",
    "EDELWEISS",
    "EICHERMOT",
    "EIDPARRY",
    "EIFFL",
    "EIHAHOTELS",
    "EIHOTEL",
    "EIMCOELECO",
    "EKC",
    "ELDEHSG",
    "ELECON",
    "ELECTCAST",
    "ELECTHERM",
    "ELGIEQUIP",
    "ELGIRUBCO",
    "ELIN",
    "EMAMILTD",
    "EMAMIPAP",
    "EMAMIREAL",
    "EMBDL",
    "EMIL",
    "EMKAY",
    "EMMBI",
    "EMSLIMITED",
    "EMUDHRA",
    "ENDURANCE",
    "ENERGYDEV",
    "ENGINERSIN",
    "ENIL",
    "ENTERO",
    "EPACK",
    "EPIGRAL",
    "EPL",
    "EQUIPPP",
    "EQUITASBNK",
    "ERIS",
    "ESABINDIA",
    "ESAFSFB",
    "ESCORTS",
    "ESSARSHPNG",
    "ESSENTIA",
    "ESTER",
    "ETERNAL",
    "ETHOSLTD",
    "EUROBOND",
    "EUROTEXIND",
    "EVEREADY",
    "EVERESTIND",
    "EXCEL",
    "EXCELINDUS",
    "EXICOM",
    "EXIDEIND",
    "EXPLEOSOL",
    "EXXARO",
    "FACT",
    "FAIRCHEMOR",
    "FAZE3Q",
    "FCL",
    "FCSSOFT",
    "FDC",
    "FEDERALBNK",
    "FEDFINA",
    "FEL",
    "FELDVR",
    "FIBERWEB",
    "FIEMIND",
    "FILATEX",
    "FILATFASH",
    "FINCABLES",
    "FINEORG",
    "FINOPB",
    "FINPIPE",
    "FIVESTAR",
    "FLAIR",
    "FLEXITUFF",
    "FLFL",
    "FLUOROCHEM",
    "FMGOETZE",
    "FMNL",
    "FOCUS",
    "FOODSIN",
    "FORCEMOT",
    "FORTIS",
    "FOSECOIND",
    "FSL",
    "FUSION",
    "GABRIEL",
    "GAEL",
    "GAIL",
    "GALAXYSURF",
    "GALLANTT",
    "GANDHAR",
    "GANDHITUBE",
    "GANECOS",
    "GANESHBE",
    "GANESHHOU",
    "GANGAFORGE",
    "GANGESSECU",
    "GARFIBRES",
    "GATECH",
    "GATECHDVR",
    "GATEWAY",
    "GEECEE",
    "GEEKAYWIRE",
    "GENCON",
    "GENESYS",
    "GENUSPAPER",
    "GENUSPOWER",
    "GEOJITFSL",
    "GESHIP",
    "GFLLIMITED",
    "GHCL",
    "GHCLTEXTIL",
    "GICHSGFIN",
    "GICL",
    "GICRE",
    "GILLANDERS",
    "GILLETTE",
    "GINNIFILA",
    "GIPCL",
    "GKWLIMITED",
    "GLAND",
    "GLAXO",
    "GLENMARK",
    "GLFL",
    "GLOBAL",
    "GLOBALVECT",
    "GLOBE",
    "GLOBUSSPR",
    "GLOSTERLTD",
    "GMBREW",
    "GMDCLTD",
    "GMMPFAUDLR",
    "GMRAIRPORT",
    "GMRP&UI",
    "GNA",
    "GNFC",
    "GOACARBON",
    "GOCLCORP",
    "GOCOLORS",
    "GODFRYPHLP",
    "GODIGIT",
    "GODREJAGRO",
    "GODREJCP",
    "GODREJIND",
    "GODREJPROP",
    "GOKEX",
    "GOKUL",
    "GOKULAGRO",
    "GOLDENTOBC",
    "GOLDIAM",
    "GOLDTECH",
    "GOODLUCK",
    "GOPAL",
    "GOYALALUM",
    "GPIL",
    "GPPL",
    "GPTHEALTH",
    "GPTINFRA",
    "GRANULES",
    "GRAPHITE",
    "GRASIM",
    "GRAVITA",
    "GREAVESCOT",
    "GREENLAM",
    "GREENPANEL",
    "GREENPLY",
    "GREENPOWER",
    "GRINDWELL",
    "GRINFRA",
    "GRMOVER",
    "GROBTEA",
    "GRPLTD",
    "GRSE",
    "GRWRHITECH",
    "GSFC",
    "GSLSU",
    "GSPL",
    "GSS",
    "GTECJAINX",
    "GTL",
    "GTLINFRA",
    "GTPL",
    "GUFICBIO",
    "GUJALKALI",
    "GUJAPOLLO",
    "GUJGASLTD",
    "GUJRAFFIA",
    "GULFOILLUB",
    "GULFPETRO",
    "GULPOLY",
    "GVKPIL",
    "GVPIL",
    "GVPTECH",
    "GVT&D",
    "HAL",
    "HALEOSLABS",
    "HAPPSTMNDS",
    "HAPPYFORGE",
    "HARDWYN",
    "HARIOMPIPE",
    "HARRMALAYA",
    "HARSHA",
    "HATHWAY",
    "HATSUN",
    "HAVELLS",
    "HAVISHA",
    "HBLENGINE",
    "HBSL",
    "HCC",
    "HCG",
    "HCL-INSYS",
    "HCLTECH",
    "HDFCAMC",
    "HDFCBANK",
    "HDFCLIFE",
    "HEADSUP",
    "HECPROJECT",
    "HEG",
    "HEIDELBERG",
    "HEMIPROP",
    "HERANBA",
    "HERITGFOOD",
    "HEROMOTOCO",
    "HESTERBIO",
    "HEXATRADEX",
    "HFCL",
    "HGINFRA",
    "HGM",
    "HGS",
    "HIKAL",
    "HILTON",
    "HIMATSEIDE",
    "HINDALCO",
    "HINDCOMPOS",
    "HINDCON",
    "HINDCOPPER",
    "HINDOILEXP",
    "HINDPETRO",
    "HINDUNILVR",
    "HINDWAREAP",
    "HINDZINC",
    "HIRECT",
    "HISARMETAL",
    "HITECH",
    "HITECHCORP",
    "HITECHGEAR",
    "HLEGLAS",
    "HLVLTD",
    "HMAAGRO",
    "HMT",
    "HMVL",
    "HNDFDS",
    "HOMEFIRST",
    "HONASA",
    "HONAUT",
    "HONDAPOWER",
    "HPAL",
    "HPIL",
    "HPL",
    "HSCL",
    "HTMEDIA",
    "HUBTOWN",
    "HUDCO",
    "HUHTAMAKI",
    "HYBRIDFIN",
    "IBULLSLTD",
    "ICDSLTD",
    "ICEMAKE",
    "ICICIBANK",
    "ICICIGI",
    "ICICIPRULI",
    "ICIL",
    "ICRA",
    "IDBI",
    "IDEA",
    "IDEAFORGE",
    "IDFCFIRSTB",
    "IEX",
    "IFBAGRO",
    "IFBIND",
    "IFCI",
    "IFGLEXPOR",
    "IGARASHI",
    "IGL",
    "IGPL",
    "IIFL",
    "IIFLCAPS",
    "IITL",
    "IKIO",
    "IL&FSENGG",
    "IL&FSTRANS",
    "IMAGICAA",
    "IMFA",
    "IMPAL",
    "IMPEXFERRO",
    "INCREDIBLE",
    "INDBANK",
    "INDGN",
    "INDHOTEL",
    "INDIACEM",
    "INDIAGLYCO",
    "INDIAMART",
    "INDIANB",
    "INDIANCARD",
    "INDIANHUME",
    "INDIASHLTR",
    "INDIGO",
    "INDIGOPNTS",
    "INDNIPPON",
    "INDOAMIN",
    "INDOBORAX",
    "INDOCO",
    "INDORAMA",
    "INDOSTAR",
    "INDOTECH",
    "INDOTHAI",
    "INDOWIND",
    "INDRAMEDCO",
    "INDSWFTLAB",
    "INDTERRAIN",
    "INDUSINDBK",
    "INDUSTOWER",
    "INFOBEAN",
    "INFY",
    "INGERRAND",
    "INNOVACAP",
    "INNOVANA",
    "INOXGREEN",
    "INOXINDIA",
    "INOXWIND",
    "INSECTICID",
    "INTELLECT",
    "INTENTECH",
    "INTLCONV",
    "INVENTURE",
    "IOB",
    "IOC",
    "IOLCP",
    "IONEXCHANG",
    "IPCALAB",
    "IPL",
    "IRB",
    "IRCON",
    "IRCTC",
    "IREDA",
    "IRFC",
    "IRIS",
    "IRISDOREME",
    "IRMENERGY",
    "ISFT",
    "ISGEC",
    "ITC",
    "ITDC",
    "ITI",
    "IVC",
    "IVP",
    "IZMO",
    "J&KBANK",
    "JAGRAN",
    "JAGSNPHARM",
    "JAIBALAJI",
    "JAICORPLTD",
    "JAIPURKURT",
    "JAMNAAUTO",
    "JASH",
    "JAYAGROGN",
    "JAYBARMARU",
    "JAYNECOIND",
    "JAYSREETEA",
    "JBCHEPHARM",
    "JBMA",
    "JETFREIGHT",
    "JGCHEM",
    "JHS",
    "JINDALPHOT",
    "JINDALPOLY",
    "JINDALSAW",
    "JINDALSTEL",
    "JINDRILL",
    "JINDWORLD",
    "JIOFIN",
    "JISLDVREQS",
    "JISLJALEQS",
    "JITFINFRA",
    "JKCEMENT",
    "JKIL",
    "JKLAKSHMI",
    "JKPAPER",
    "JKTYRE",
    "JLHL",
    "JMA",
    "JMFINANCIL",
    "JNKINDIA",
    "JOCIL",
    "JPOLYINVST",
    "JPPOWER",
    "JSFB",
    "JSL",
    "JSLL",
    "JSWENERGY",
    "JSWHL",
    "JSWINFRA",
    "JSWSTEEL",
    "JTEKTINDIA",
    "JTLIND",
    "JUBLFOOD",
    "JUBLINGREA",
    "JUBLPHARMA",
    "JUNIPER",
    "JUSTDIAL",
    "JWL",
    "JYOTHYLAB",
    "JYOTICNC",
    "JYOTISTRUC",
    "KABRAEXTRU",
    "KAJARIACER",
    "KAKATCEM",
    "KALAMANDIR",
    "KALYANIFRG",
    "KALYANKJIL",
    "KAMATHOTEL",
    "KAMDHENU",
    "KAMOPAINTS",
    "KANANIIND",
    "KANORICHEM",
    "KANPRPLA",
    "KANSAINER",
    "KAPSTON",
    "KARMAENG",
    "KARURVYSYA",
    "KAUSHALYA",
    "KAVDEFENCE",
    "KAYA",
    "KAYNES",
    "KCP",
    "KCPSUGIND",
    "KDDL",
    "KEC",
    "KECL",
    "KEEPLEARN",
    "KEI",
    "KELLTONTEC",
    "KERNEX",
    "KESORAMIND",
    "KEYFINSERV",
    "KFINTECH",
    "KHADIM",
    "KHAICHEM",
    "KHAITANLTD",
    "KHANDSE",
    "KICL",
    "KILITCH",
    "KIMS",
    "KINGFA",
    "KIOCL",
    "KIRIINDUS",
    "KIRLOSBROS",
    "KIRLOSENG",
    "KIRLOSIND",
    "KIRLPNU",
    "KITEX",
    "KKCL",
    "KMSUGAR",
    "KNAGRI",
    "KNRCON",
    "KOHINOOR",
    "KOKUYOCMLN",
    "KOLTEPATIL",
    "KOPRAN",
    "KOTAKBANK",
    "KOTARISUG",
    "KOTHARIPET",
    "KOTHARIPRO",
    "KOTYARK",
    "KPIGREEN",
    "KPIL",
    "KPITTECH",
    "KPRMILL",
    "KRBL",
    "KREBSBIO",
    "KRIDHANINF",
    "KRISHANA",
    "KRISHNADEF",
    "KRITI",
    "KRITIKA",
    "KRITINUT",
    "KRSNAA",
    "KRYSTAL",
    "KSB",
    "KSCL",
    "KSHITIJPOL",
    "KSL",
    "KSOLVES",
    "KTKBANK",
    "KUANTUM",
    "LAGNAM",
    "LAL",
    "LALPATHLAB",
    "LAMBODHARA",
    "LANCORHOL",
    "LANDMARK",
    "LAOPALA",
    "LASA",
    "LATENTVIEW",
    "LATTEYS",
    "LAURUSLABS",
    "LAXMICOT",
    "LCCINFOTEC",
    "LEMERITE",
    "LEMONTREE",
    "LEXUS",
    "LFIC",
    "LGBBROSLTD",
    "LGHL",
    "LIBAS",
    "LIBERTSHOE",
    "LICHSGFIN",
    "LICI",
    "LIKHITHA",
    "LINC",
    "LINCOLN",
    "LINDEINDIA",
    "LLOYDSENGG",
    "LLOYDSME",
    "LMW",
    "LODHA",
    "LOKESHMACH",
    "LORDSCHLO",
    "LOTUSEYE",
    "LOVABLE",
    "LOYALTEX",
    "LPDC",
    "LT",
    "LTF",
    "LTFOODS",
    "LTM",
    "LTTS",
    "LUMAXIND",
    "LUMAXTECH",
    "LUPIN",
    "LUXIND",
    "LXCHEM",
    "LYKALABS",
    "LYPSAGEMS",
    "M&M",
    "M&MFIN",
    "MAANALU",
    "MACPOWER",
    "MADHAV",
    "MADHUCON",
    "MADRASFERT",
    "MAGADSUGAR",
    "MAGNUM",
    "MAHABANK",
    "MAHAPEXLTD",
    "MAHASTEEL",
    "MAHEPC",
    "MAHESHWARI",
    "MAHLIFE",
    "MAHLOG",
    "MAHSCOOTER",
    "MAHSEAMLES",
    "MAITHANALL",
    "MALLCOM",
    "MALUPAPER",
    "MANAKALUCO",
    "MANAKCOAT",
    "MANAKSIA",
    "MANAKSTEEL",
    "MANALIPETC",
    "MANAPPURAM",
    "MANGALAM",
    "MANGLMCEM",
    "MANINDS",
    "MANINFRA",
    "MANKIND",
    "MANOMAY",
    "MANORAMA",
    "MANORG",
    "MANUGRAPH",
    "MANYAVAR",
    "MAPMYINDIA",
    "MARALOVER",
    "MARATHON",
    "MARICO",
    "MARINE",
    "MARKSANS",
    "MARUTI",
    "MASFIN",
    "MASKINVEST",
    "MASTEK",
    "MATRIMONY",
    "MAWANASUG",
    "MAXESTATES",
    "MAXHEALTH",
    "MAXIND",
    "MAYURUNIQ",
    "MAZDA",
    "MAZDOCK",
    "MBAPL",
    "MBLINFRA",
    "MCL",
    "MCLEODRUSS",
    "MCX",
    "MEDANTA",
    "MEDIASSIST",
    "MEDICAMEQ",
    "MEDICO",
    "MEDPLUS",
    "MEGASTAR",
    "MENONBE",
    "METROBRAND",
    "METROPOLIS",
    "MFSL",
    "MGEL",
    "MGL",
    "MHLXMIRU",
    "MHRIL",
    "MICEL",
    "MIDHANI",
    "MINDACORP",
    "MINDTECK",
    "MIRCELECTR",
    "MIRZAINT",
    "MITCON",
    "MITTAL",
    "MKPL",
    "MMFL",
    "MMP",
    "MMTC",
    "MODIRUBBER",
    "MODISONLTD",
    "MODTHREAD",
    "MOHITIND",
    "MOIL",
    "MOKSH",
    "MOL",
    "MOLDTECH",
    "MOLDTKPAC",
    "MONARCH",
    "MONTECARLO",
    "MOREPENLAB",
    "MOTHERSON",
    "MOTILALOFS",
    "MOTISONS",
    "MOTOGENFIN",
    "MPHASIS",
    "MPSLTD",
    "MRF",
    "MRPL",
    "MSPL",
    "MSTCLTD",
    "MSUMI",
    "MTARTECH",
    "MTNL",
    "MUFIN",
    "MUFTI",
    "MUKANDLTD",
    "MUKKA",
    "MUKTAARTS",
    "MUNJALAU",
    "MUNJALSHOW",
    "MURUDCERA",
    "MUTHOOTCAP",
    "MUTHOOTFIN",
    "MUTHOOTMF",
    "MVGJL",
    "MWL",
    "NACLIND",
    "NAGAFERT",
    "NAGREEKCAP",
    "NAGREEKEXP",
    "NAHARCAP",
    "NAHARINDUS",
    "NAHARPOLY",
    "NAHARSPING",
    "NAM-INDIA",
    "NARMADA",
    "NATCOPHARM",
    "NATHBIOGEN",
    "NATIONALUM",
    "NAUKRI",
    "NAVA",
    "NAVINFLUOR",
    "NAVKARCORP",
    "NAVNETEDUL",
    "NAZARA",
    "NBCC",
    "NBIFIN",
    "NCC",
    "NCLIND",
    "NDGL",
    "NDL",
    "NDLVENTURE",
    "NDRAUTO",
    "NDTV",
    "NECCLTD",
    "NECLIFE",
    "NELCAST",
    "NELCO",
    "NEOGEN",
    "NESCO",
    "NESTLEIND",
    "NETWEB",
    "NETWORK18",
    "NEULANDLAB",
    "NEWGEN",
    "NEXTMEDIA",
    "NFL",
    "NGIL",
    "NGLFINE",
    "NH",
    "NHPC",
    "NIACL",
    "NIBL",
    "NIITLTD",
    "NIITMTS",
    "NILAINFRA",
    "NILASPACES",
    "NILKAMAL",
    "NINSYS",
    "NIPPOBATRY",
    "NIRAJ",
    "NITCO",
    "NITINSPIN",
    "NITIRAJ",
    "NKIND",
    "NLCINDIA",
    "NMDC",
    "NOCIL",
    "NOIDATOLL",
    "NORBTEAEXP",
    "NOVAAGRI",
    "NPST",
    "NRAIL",
    "NRBBEARING",
    "NRL",
    "NSIL",
    "NSLNISP",
    "NTPC",
    "NUCLEUS",
    "NURECA",
    "NUVAMA",
    "NUVOCO",
    "NYKAA",
    "OAL",
    "OBCL",
    "OBEROIRLTY",
    "OFSS",
    "OIL",
    "OILCOUNTUB",
    "OLECTRA",
    "OMAXAUTO",
    "OMAXE",
    "OMINFRAL",
    "ONELIFECAP",
    "ONEPOINT",
    "ONGC",
    "ONMOBILE",
    "ONWARDTEC",
    "OPTIEMUS",
    "ORBTEXP",
    "ORCHPHARMA",
    "ORICONENT",
    "ORIENTALTL",
    "ORIENTBELL",
    "ORIENTCEM",
    "ORIENTCER",
    "ORIENTELEC",
    "ORIENTHOT",
    "ORIENTLTD",
    "ORIENTPPR",
    "ORISSAMINE",
    "ORTINGLOBE",
    "OSIAHYPER",
    "OSWALAGRO",
    "OSWALGREEN",
    "OSWALSEEDS",
    "PAGEIND",
    "PAISALO",
    "PAKKA",
    "PALASHSECU",
    "PALREDTEC",
    "PANACEABIO",
    "PANACHE",
    "PANAMAPET",
    "PANSARI",
    "PAR",
    "PARACABLES",
    "PARADEEP",
    "PARAGMILK",
    "PARAS",
    "PARASPETRO",
    "PARKHOTELS",
    "PARSVNATH",
    "PASUPTAC",
    "PATANJALI",
    "PATELENG",
    "PATINTLOG",
    "PAVNAIND",
    "PAYTM",
    "PCBL",
    "PCJEWELLER",
    "PDMJEPAPER",
    "PDSL",
    "PEARLPOLY",
    "PENIND",
    "PENINLAND",
    "PERSISTENT",
    "PETRONET",
    "PFC",
    "PFIZER",
    "PFOCUS",
    "PFS",
    "PGEL",
    "PGHH",
    "PGHL",
    "PGIL",
    "PHOENIXLTD",
    "PIDILITIND",
    "PIGL",
    "PIIND",
    "PILANIINVS",
    "PILITA",
    "PIONEEREMB",
    "PITTIENG",
    "PIXTRANS",
    "PKTEA",
    "PLASTIBLEN",
    "PLATIND",
    "PLAZACABLE",
    "PNB",
    "PNBGILTS",
    "PNBHOUSING",
    "PNC",
    "PNCINFRA",
    "POCL",
    "PODDARMENT",
    "POKARNA",
    "POLICYBZR",
    "POLYCAB",
    "POLYMED",
    "POLYPLEX",
    "PONNIERODE",
    "POONAWALLA",
    "POWERGRID",
    "POWERINDIA",
    "POWERMECH",
    "PPAP",
    "PPL",
    "PPLPHARMA",
    "PRAENG",
    "PRAJIND",
    "PRAKASH",
    "PRAKASHSTL",
    "PRAXIS",
    "PRECAM",
    "PRECOT",
    "PRECWIRE",
    "PREMEXPLN",
    "PREMIERPOL",
    "PRESTIGE",
    "PRICOLLTD",
    "PRIMESECU",
    "PRINCEPIPE",
    "PRITI",
    "PRITIKAUTO",
    "PRIVISCL",
    "PROZONER",
    "PRSMJOHNSN",
    "PRUDENT",
    "PRUDMOULI",
    "PSB",
    "PSPPROJECT",
    "PTC",
    "PTCIL",
    "PTL",
    "PUNJABCHEM",
    "PURVA",
    "PVP",
    "PVRINOX",
    "PVSL",
    "PYRAMID",
    "QUESS",
    "QUICKHEAL",
    "RACE",
    "RADAAN",
    "RADHIKAJWE",
    "RADIANTCMS",
    "RADICO",
    "RADIOCITY",
    "RAILTEL",
    "RAIN",
    "RAINBOW",
    "RAJESHEXPO",
    "RAJMET",
    "RAJRATAN",
    "RAJRILTD",
    "RAJSREESUG",
    "RAJTV",
    "RALLIS",
    "RAMANEWS",
    "RAMAPHO",
    "RAMASTEEL",
    "RAMCOCEM",
    "RAMCOIND",
    "RAMCOSYS",
    "RAMKY",
    "RAMRAT",
    "RANASUG",
    "RANEHOLDIN",
    "RATEGAIN",
    "RATNAMANI",
    "RATNAVEER",
    "RAYMOND",
    "RBA",
    "RBLBANK",
    "RBZJEWEL",
    "RCF",
    "RECLTD",
    "REDINGTON",
    "REDTAPE",
    "REFEX",
    "REGENCERAM",
    "RELAXO",
    "RELCHEMQ",
    "RELIABLE",
    "RELIANCE",
    "RELIGARE",
    "RELINFRA",
    "REMSONSIND",
    "RENUKA",
    "REPCOHOME",
    "REPL",
    "REPRO",
    "RESPONIND",
    "RGL",
    "RHFL",
    "RHIM",
    "RHL",
    "RICOAUTO",
    "RIIL",
    "RISHABH",
    "RITCO",
    "RITES",
    "RKDL",
    "RKEC",
    "RKFORGE",
    "RKSWAMY",
    "RMDRIP",
    "RML",
    "ROHLTD",
    "ROLEXRINGS",
    "ROLLT",
    "ROML",
    "ROSSARI",
    "ROSSELLIND",
    "ROTO",
    "ROUTE",
    "RPGLIFE",
    "RPOWER",
    "RPPINFRA",
    "RPPL",
    "RPSGVENT",
    "RPTECH",
    "RRKABEL",
    "RSSOFTWARE",
    "RSWM",
    "RSYSTEMS",
    "RTNINDIA",
    "RTNPOWER",
    "RUBYMILLS",
    "RUCHINFRA",
    "RUCHIRA",
    "RUPA",
    "RUSHIL",
    "RUSTOMJEE",
    "RVHL",
    "RVNL",
    "S&SPOWER",
    "SABEVENTS",
    "SADBHAV",
    "SADBHIN",
    "SADHNANIQ",
    "SAFARI",
    "SAGARDEEP",
    "SAGCEM",
    "SAHYADRI",
    "SAIL",
    "SAKAR",
    "SAKHTISUG",
    "SAKSOFT",
    "SAKUMA",
    "SALASAR",
    "SALONA",
    "SALSTEEL",
    "SALZERELEC",
    "SAMBHAAV",
    "SAMHI",
    "SAMMAANCAP",
    "SAMPANN",
    "SANCO",
    "SANDESH",
    "SANDHAR",
    "SANDUMA",
    "SANGAMIND",
    "SANGHIIND",
    "SANGHVIMOV",
    "SANGINITA",
    "SANOFI",
    "SANSERA",
    "SAPPHIRE",
    "SARDAEN",
    "SAREGAMA",
    "SARLAPOLY",
    "SARVESHWAR",
    "SASKEN",
    "SASTASUNDR",
    "SATIA",
    "SATIN",
    "SAURASHCEM",
    "SBC",
    "SBCL",
    "SBFC",
    "SBGLP",
    "SBICARD",
    "SBILIFE",
    "SBIN",
    "SCHAEFFLER",
    "SCHAND",
    "SCHNEIDER",
    "SCI",
    "SCILAL",
    "SCPL",
    "SDBL",
    "SEAMECLTD",
    "SECMARK",
    "SECURKLOUD",
    "SEJALLTD",
    "SELMC",
    "SEMAC",
    "SENCO",
    "SEPC",
    "SERVOTECH",
    "SESHAPAPER",
    "SETCO",
    "SFL",
    "SGIL",
    "SGL",
    "SHAH",
    "SHAHALLOYS",
    "SHAILY",
    "SHAKTIPUMP",
    "SHALBY",
    "SHALPAINTS",
    "SHANKARA",
    "SHANTI",
    "SHANTIGEAR",
    "SHARDACROP",
    "SHARDAMOTR",
    "SHAREINDIA",
    "SHEMAROO",
    "SHILPAMED",
    "SHIVALIK",
    "SHIVAMAUTO",
    "SHIVAMILLS",
    "SHIVATEX",
    "SHK",
    "SHOPERSTOP",
    "SHRADHA",
    "SHREDIGCEM",
    "SHREECEM",
    "SHREEPUSHK",
    "SHREERAMA",
    "SHRENIK",
    "SHREYANIND",
    "SHRIPISTON",
    "SHRIRAMFIN",
    "SHRIRAMPPS",
    "SHYAMCENT",
    "SHYAMMETL",
    "SHYAMTEL",
    "SIEMENS",
    "SIGACHI",
    "SIGIND",
    "SIGMA",
    "SIGMAADV",
    "SIGNATURE",
    "SIGNPOST",
    "SIKKO",
    "SIL",
    "SILGO",
    "SILINV",
    "SILLYMONKS",
    "SILVERTUC",
    "SIMBHALS",
    "SIMPLEXINF",
    "SINCLAIR",
    "SINDHUTRAD",
    "SINTERCOM",
    "SIRCA",
    "SIS",
    "SITINET",
    "SIYSIL",
    "SJS",
    "SJVN",
    "SKFINDIA",
    "SKIPPER",
    "SKMEGGPROD",
    "SKYGOLD",
    "SMARTLINK",
    "SMCGLOBAL",
    "SMLMAH",
    "SMLT",
    "SMSPHARMA",
    "SNOWMAN",
    "SOBHA",
    "SOFTTECH",
    "SOLARA",
    "SOLARINDS",
    "SOLEX",
    "SOMANYCERA",
    "SOMATEX",
    "SOMICONVEY",
    "SONACOMS",
    "SONAMLTD",
    "SONATSOFTW",
    "SOTL",
    "SOUTHBANK",
    "SOUTHWEST",
    "SPAL",
    "SPANDANA",
    "SPARC",
    "SPCENET",
    "SPECIALITY",
    "SPECTRUM",
    "SPENCERS",
    "SPIC",
    "SPLIL",
    "SPLPETRO",
    "SPMLINFRA",
    "SPORTKING",
    "SREEL",
    "SRF",
    "SRGHFL",
    "SRHHYPOLTD",
    "SRM",
    "SSWL",
    "STAR",
    "STARCEMENT",
    "STARHEALTH",
    "STARPAPER",
    "STARTECK",
    "STCINDIA",
    "STEELCAS",
    "STEELCITY",
    "STEELXIND",
    "STEL",
    "STERTOOLS",
    "STLTECH",
    "STOVEKRAFT",
    "STYLAMIND",
    "STYRENIX",
    "SUBEXLTD",
    "SUBROS",
    "SUDARCOLOR",
    "SUDARSCHEM",
    "SUKHJITS",
    "SULA",
    "SUMICHEM",
    "SUMIT",
    "SUMMITSEC",
    "SUNCLAY",
    "SUNDARAM",
    "SUNDARMFIN",
    "SUNDRMBRAK",
    "SUNDRMFAST",
    "SUNDROP",
    "SUNFLAG",
    "SUNPHARMA",
    "SUNTECK",
    "SUNTV",
    "SUPERHOUSE",
    "SUPERSPIN",
    "SUPRAJIT",
    "SUPREMEENG",
    "SUPREMEIND",
    "SUPREMEINF",
    "SUPRIYA",
    "SURAJEST",
    "SURANASOL",
    "SURANAT&P",
    "SURYALAXMI",
    "SURYAROSNI",
    "SURYODAY",
    "SUTLEJTEX",
    "SUVEN",
    "SUVIDHAA",
    "SUZLON",
    "SVLL",
    "SVPGLOB",
    "SWANCORP",
    "SWARAJENG",
    "SWELECTES",
    "SWSOLAR",
    "SYMPHONY",
    "SYNCOMF",
    "SYNGENE",
    "SYRMA",
    "TAINWALCHM",
    "TAJGVK",
    "TAKE",
    "TALBROAUTO",
    "TANLA",
    "TARACHAND",
    "TARAPUR",
    "TARC",
    "TARIL",
    "TARMAT",
    "TARSONS",
    "TASTYBITE",
    "TATACHEM",
    "TATACOMM",
    "TATACONSUM",
    "TATAELXSI",
    "TATAINVEST",
    "TATAPOWER",
    "TATASTEEL",
    "TATATECH",
    "TATVA",
    "TBOTEK",
    "TBZ",
    "TCI",
    "TCIEXP",
    "TCIFINANCE",
    "TCPLPACK",
    "TCS",
    "TDPOWERSYS",
    "TEAMGTY",
    "TEAMLEASE",
    "TECHM",
    "TECHNOE",
    "TECILCHEM",
    "TEGA",
    "TEJASNET",
    "TEMBO",
    "TERASOFT",
    "TEXINFRA",
    "TEXMOPIPES",
    "TEXRAIL",
    "TFCILTD",
    "TFL",
    "TGBHOTELS",
    "THANGAMAYL",
    "THEINVEST",
    "THEJO",
    "THEMISMED",
    "THERMAX",
    "THOMASCOOK",
    "THOMASCOTT",
    "THYROCARE",
    "TI",
    "TICL",
    "TIIL",
    "TIINDIA",
    "TIJARIA",
    "TIL",
    "TIMETECHNO",
    "TIMKEN",
    "TIPSFILMS",
    "TIPSMUSIC",
    "TIRUMALCHM",
    "TIRUPATIFL",
    "TITAGARH",
    "TITAN",
    "TMB",
    "TMPV",
    "TNPETRO",
    "TNPL",
    "TNTELE",
    "TOKYOPLAST",
    "TORNTPHARM",
    "TORNTPOWER",
    "TOTAL",
    "TOUCHWOOD",
    "TPHQ",
    "TPLPLASTEH",
    "TRACXN",
    "TRANSWORLD",
    "TREEHOUSE",
    "TREJHARA",
    "TREL",
    "TRENT",
    "TRF",
    "TRIDENT",
    "TRIGYN",
    "TRITURBINE",
    "TRIVENI",
    "TRU",
    "TSFINV",
    "TTKHLTCARE",
    "TTKPRESTIG",
    "TTL",
    "TTML",
    "TVSELECT",
    "TVSHLTD",
    "TVSMOTOR",
    "TVSSCS",
    "TVSSRICHAK",
    "TVTODAY",
    "TVVISION",
    "UBL",
    "UCAL",
    "UCOBANK",
    "UDS",
    "UFBL",
    "UFLEX",
    "UFO",
    "UGARSUGAR",
    "UGROCAP",
    "UJJIVANSFB",
    "ULTRACEMCO",
    "UMAEXPORTS",
    "UMESLTD",
    "UMIYA-MRO",
    "UNICHEMLAB",
    "UNIDT",
    "UNIENTER",
    "UNIINFO",
    "UNIONBANK",
    "UNIPARTS",
    "UNITDSPR",
    "UNITECH",
    "UNITEDPOLY",
    "UNITEDTEA",
    "UNIVASTU",
    "UNIVCABLES",
    "UNIVPHOTO",
    "UNOMINDA",
    "UPL",
    "URAVIDEF",
    "URJA",
    "USHAMART",
    "USK",
    "UTIAMC",
    "UTKARSHBNK",
    "UTTAMSUGAR",
    "V2RETAIL",
    "VADILALIND",
    "VAIBHAVGBL",
    "VAISHALI",
    "VAKRANGEE",
    "VALIANTLAB",
    "VALIANTORG",
    "VARDHACRLC",
    "VARDMNPOLY",
    "VARROC",
    "VASCONEQ",
    "VASWANI",
    "VBL",
    "VEDL",
    "VEEDOL",
    "VENKEYS",
    "VENUSPIPES",
    "VENUSREM",
    "VERANDA",
    "VESUVIUS",
    "VETO",
    "VGL",
    "VGUARD",
    "VHL",
    "VIDHIING",
    "VIJAYA",
    "VIJIFIN",
    "VIKASECO",
    "VIKASLIFE",
    "VIMTALABS",
    "VINATIORGA",
    "VINDHYATEL",
    "VINEETLAB",
    "VINNY",
    "VINYLINDIA",
    "VIPCLOTHNG",
    "VIPIND",
    "VIPULLTD",
    "VIRINCHI",
    "VISAKAIND",
    "VISHNU",
    "VISHWARAJ",
    "VITAL",
    "VIVIDHA",
    "VIYASH",
    "VLEGOV",
    "VLSFINANCE",
    "VMART",
    "VOLTAMP",
    "VOLTAS",
    "VPRPL",
    "VRLLOG",
    "VSSL",
    "VSTIND",
    "VSTL",
    "VSTTILLERS",
    "VTL",
    "WABAG",
    "WALCHANNAG",
    "WANBURY",
    "WEALTH",
    "WEBELSOLAR",
    "WEIZMANIND",
    "WEL",
    "WELCORP",
    "WELENT",
    "WELINV",
    "WELSPUNLIV",
    "WENDT",
    "WESTLIFE",
    "WEWIN",
    "WHEELS",
    "WHIRLPOOL",
    "WILLAMAGOR",
    "WINDLAS",
    "WINDMACHIN",
    "WINSOME",
    "WIPL",
    "WIPRO",
    "WOCKPHARMA",
    "WONDERLA",
    "WORTHPERI",
    "WSI",
    "WSTCSTPAPR",
    "XCHANGING",
    "XELPMOC",
    "XPROINDIA",
    "YASHO",
    "YATHARTH",
    "YATRA",
    "YESBANK",
    "YUKEN",
    "ZAGGLE",
    "ZEEL",
    "ZEELEARN",
    "ZEEMEDIA",
    "ZENITHEXPO",
    "ZENITHSTL",
    "ZENSARTECH",
    "ZENTEC",
    "ZFCVINDIA",
    "ZIMLAB",
    "ZODIAC",
    "ZODIACLOTH",
    "ZOTA",
    "ZUARI",
    "ZUARIIND",
    "ZYDUSLIFE",
    "ZYDUSWELL"
  ],
  "selected_stocks": [
    "VGL",
    "INDOTHAI",
    "LEMERITE",
    "FMNL",
    "ASIANHOTNR",
    "TERASOFT",
    "PGEL",
    "RMDRIP",
    "IRIS",
    "WEL",
    "MAHASTEEL",
    "ABCOTS",
    "AQYLON",
    "NORBTEAEXP",
    "V2RETAIL"
  ],
  "selected_indices": [
    1843,
    790,
    983,
    552,
    154,
    1721,
    1289,
    1424,
    821,
    1885,
    1030,
    25,
    126,
    1206,
    1822
  ],
  "matrices": {
    "covariance_selected": [
      [
        0.17601407485416418,
        0.017177819349965623,
        -0.0036597527154225208,
        0.018381734801477614,
        0.014576394967144236,
        0.026411871152141525,
        0.013926611494016012,
        0.014082211628108396,
        0.010501643228400333,
        0.01561772294691786,
        0.024918209016313538,
        -0.000290266244104363,
        0.0070737255256917335,
        0.018710497618013185,
        0.029658139715098862
      ],
      [
        0.017177819349965623,
        0.19599879200702233,
        -0.004487039408422054,
        0.02114249776811247,
        0.004854023096793955,
        0.002715738720349556,
        0.007237697588451641,
        0.0031148247687044226,
        0.001981728840555907,
        0.012195034599457182,
        0.02735193397851258,
        -0.002720472523487461,
        -0.008041045871260045,
        0.01808661507186312,
        0.004906607670601006
      ],
      [
        -0.0036597527154225208,
        -0.004487039408422054,
        0.12887408818792181,
        -0.0014460235199284367,
        0.0023346055794762144,
        0.02584513888260192,
        0.019300949183760515,
        0.0030363244572272474,
        -0.0028570658680315626,
        0.01230324344691763,
        0.0033413106118069785,
        -0.005408138149972704,
        0.00047640002610556935,
        -0.0013014744489435286,
        0.023583630733128764
      ],
      [
        0.018381734801477614,
        0.02114249776811247,
        -0.0014460235199284367,
        0.19185099281070003,
        -0.006842729261595926,
        -0.0018504435403578657,
        0.03340340579889868,
        0.01622768028333109,
        0.007306353828581246,
        0.004217551511612215,
        0.021735179125498685,
        -0.01573937687392847,
        0.02862857218317681,
        0.009671853076340171,
        0.009272985676143413
      ],
      [
        0.014576394967144236,
        0.004854023096793955,
        0.0023346055794762144,
        -0.006842729261595926,
        0.22607833030105157,
        7.734850486214294e-05,
        0.03671396271288921,
        0.006251042228892406,
        0.006667350200334335,
        0.025638823214932435,
        0.013639261556956153,
        0.0077166726699610215,
        -0.02146749264860883,
        -0.002289932154641551,
        0.022237756924167556
      ],
      [
        0.026411871152141525,
        0.002715738720349556,
        0.02584513888260192,
        -0.0018504435403578657,
        7.734850486214294e-05,
        0.5005129808080281,
        0.02830132581231771,
        0.020207165765808992,
        0.0031361410307979413,
        -0.00574060031477397,
        0.001136722491571002,
        -0.025630619917028724,
        -0.009050331925855954,
        -0.013450941550678507,
        0.041333729433129844
      ],
      [
        0.013926611494016012,
        0.007237697588451641,
        0.019300949183760515,
        0.03340340579889868,
        0.03671396271288921,
        0.02830132581231771,
        0.3790441724170947,
        0.015109580828443115,
        0.010624598667457715,
        0.03146698565987427,
        0.037352075412424274,
        -0.003086103618870863,
        0.020306541216687738,
        0.028920850681681893,
        0.0634105134700071
      ],
      [
        0.014082211628108396,
        0.0031148247687044226,
        0.0030363244572272474,
        0.01622768028333109,
        0.006251042228892406,
        0.020207165765808992,
        0.015109580828443115,
        0.16270221758247688,
        0.007950703955925618,
        0.021280855747712043,
        0.012544284911333515,
        0.0017040512178715856,
        -0.002422591786797912,
        0.005947524877522261,
        0.02814889788936284
      ],
      [
        0.010501643228400333,
        0.001981728840555907,
        -0.0028570658680315626,
        0.007306353828581246,
        0.006667350200334335,
        0.0031361410307979413,
        0.010624598667457715,
        0.007950703955925618,
        0.22323644461645176,
        -0.002145342447905704,
        0.0013725265763074633,
        0.005848434119716223,
        0.010880937675341248,
        0.007631383988973421,
        0.0027075460365106278
      ],
      [
        0.01561772294691786,
        0.012195034599457182,
        0.01230324344691763,
        0.004217551511612215,
        0.025638823214932435,
        -0.00574060031477397,
        0.03146698565987427,
        0.021280855747712043,
        -0.002145342447905704,
        0.35468953795554015,
        0.009110169295907399,
        -0.0082740624429563,
        0.006681592694849406,
        -0.008449059976834794,
        0.030492584997946392
      ],
      [
        0.024918209016313538,
        0.02735193397851258,
        0.0033413106118069785,
        0.021735179125498685,
        0.013639261556956153,
        0.001136722491571002,
        0.037352075412424274,
        0.012544284911333515,
        0.0013725265763074633,
        0.009110169295907399,
        0.15659287306713232,
        -0.0003952523470984197,
        0.015610774068051477,
        0.02504952260751917,
        0.02206914336287462
      ],
      [
        -0.000290266244104363,
        -0.002720472523487461,
        -0.005408138149972704,
        -0.01573937687392847,
        0.0077166726699610215,
        -0.025630619917028724,
        -0.003086103618870863,
        0.0017040512178715856,
        0.005848434119716223,
        -0.0082740624429563,
        -0.0003952523470984197,
        0.24665564592939554,
        0.003547707433635097,
        0.010313466346321227,
        0.00700904957714045
      ],
      [
        0.0070737255256917335,
        -0.008041045871260045,
        0.00047640002610556935,
        0.02862857218317681,
        -0.02146749264860883,
        -0.009050331925855954,
        0.020306541216687738,
        -0.002422591786797912,
        0.010880937675341248,
        0.006681592694849406,
        0.015610774068051477,
        0.003547707433635097,
        0.21723843060012718,
        -0.011726246331473681,
        -0.004474659905178164
      ],
      [
        0.018710497618013185,
        0.01808661507186312,
        -0.0013014744489435286,
        0.009671853076340171,
        -0.002289932154641551,
        -0.013450941550678507,
        0.028920850681681893,
        0.005947524877522261,
        0.007631383988973421,
        -0.008449059976834794,
        0.02504952260751917,
        0.010313466346321227,
        -0.011726246331473681,
        0.21482320182338954,
        0.014716675709290238
      ],
      [
        0.029658139715098862,
        0.004906607670601006,
        0.023583630733128764,
        0.009272985676143413,
        0.022237756924167556,
        0.041333729433129844,
        0.0634105134700071,
        0.02814889788936284,
        0.0027075460365106278,
        0.030492584997946392,
        0.02206914336287462,
        0.00700904957714045,
        -0.004474659905178164,
        0.014716675709290238,
        0.2561446103737419
      ]
    ],
    "qubo_selected": [
      [
        -38783.74121112251,
        0.030327345280137325,
        0.03669179059701495,
        -0.013685458523191852,
        0.007352910847288852,
        0.00970804619358791,
        0.039833516076700604,
        0.027278523113912306,
        0.031264633334140784,
        -0.004579864309283102,
        0.027563170235419696,
        0.00015469700972428588,
        -0.017942423420838863,
        0.02915278993428847,
        0.05127764642986487
      ],
      [
        0.030327345280137325,
        -38783.45592416663,
        0.04261110497776738,
        0.03156160180857986,
        0.021130170301489434,
        0.006336078646424217,
        0.009656441932414706,
        0.0288586095765754,
        0.032195821934260474,
        0.008455351746167622,
        0.1040891444368312,
        0.04600604990467316,
        0.01632082670828337,
        0.015855483138979793,
        0.03712824544150675
      ],
      [
        0.03669179059701495,
        0.04261110497776738,
        -38783.32430383108,
        0.03356614997908695,
        0.003216290588055216,
        -0.011314780554323762,
        0.08799663256949496,
        0.024389904427183747,
        0.05056893692664295,
        -0.01652104318814044,
        0.05005064224170205,
        -0.0037894121954611146,
        0.05059939307598899,
        0.019734501482551958,
        0.1068937469863105
      ],
      [
        -0.013685458523191852,
        0.03156160180857986,
        0.03356614997908695,
        -38783.777859198264,
        0.003884337377778832,
        0.04228499553622494,
        0.04999407275479884,
        0.04347035825099737,
        0.030209887620687964,
        0.019343706152680343,
        0.018955691388943045,
        -0.0037008870807157313,
        0.0196090244987976,
        0.03676346960295523,
        0.00843510302322443
      ],
      [
        0.007352910847288852,
        0.021130170301489434,
        0.003216290588055216,
        0.003884337377778832,
        -38782.79458903476,
        0.0035004463338945187,
        -0.013133139335508748,
        0.01585638245372995,
        -0.004648721513994539,
        -0.00698129691843038,
        0.0015082182621666777,
        -0.006386328769558364,
        0.00709715731096311,
        -0.0023413599866316196,
        0.008718032201440903
      ],
      [
        0.00970804619358791,
        0.006336078646424217,
        -0.011314780554323762,
        0.04228499553622494,
        0.0035004463338945187,
        -38784.409321283296,
        0.0045661508455448864,
        0.05470386795702516,
        0.021926511375879355,
        0.03617323014372624,
        0.017244856207450747,
        0.005431477440699112,
        0.00499117821026888,
