{
  "scenario_group": "crash",
  "scenario_name": "COVID Peak Crash",
  "scenario": {
    "train_start": "2019-02-20",
    "train_end": "2020-02-19",
    "test_start": "2020-02-20",
    "test_end": "2020-04-30",
    "description": "12M train before COVID crash peak, test during crash peak"
  },
  "symbols_full": [
    "20MICRONS",
    "21STCENMGM",
    "3MINDIA",
    "5PAISA",
    "A2ZINFRA",
    "AARTIDRUGS",
    "AARTIIND",
    "ABAN",
    "ABCAPITAL",
    "ABFRL",
    "ACC",
    "ACE",
    "ADANIENT",
    "ADANIGREEN",
    "ADFFOODS",
    "ADOR",
    "ADROITINFO",
    "ADSL",
    "AEGISLOG",
    "AGARIND",
    "AGI",
    "AGROPHOS",
    "AHLUCONT",
    "AJANTPHARM",
    "AKSHOPTFBR",
    "AKZOINDIA",
    "ALANKIT",
    "ALBERTDAVD",
    "ALEMBICLTD",
    "ALICON",
    "ALKALI",
    "ALKEM",
    "ALKYLAMINE",
    "ALLCARGO",
    "ALLDIGI",
    "AMBER",
    "AMBIKCO",
    "AMBUJACEM",
    "AMDIND",
    "AMJLAND",
    "ANANTRAJ",
    "ANDHRSUGAR",
    "ANIKINDS",
    "ANKITMETAL",
    "ANSALAPI",
    "ANTELOPUS",
    "ANUP",
    "APARINDS",
    "APCL",
    "APCOTEXIND",
    "APEX",
    "APOLLO",
    "APOLLOTYRE",
    "APOLSINHOT",
    "APTECHT",
    "ARCHIDPLY",
    "ARIES",
    "ARIHANTSUP",
    "ARMANFIN",
    "ARVINDFASN",
    "ARVSMART",
    "ASAHIINDIA",
    "ASAHISONG",
    "ASAL",
    "ASHAPURMIN",
    "ASHIANA",
    "ASHIMASYN",
    "ASHOKLEY",
    "ASIANHOTNR",
    "ASIANTILES",
    "ASPINWALL",
    "ASTEC",
    "ASTERDM",
    "ASTRAMICRO",
    "ASTRAZEN",
    "ASTRON",
    "ATLANTAA",
    "ATULAUTO",
    "AUBANK",
    "AURIONPRO",
    "AUROPHARMA",
    "AURUM",
    "AUSOMENT",
    "AUTOAXLES",
    "AVANTIFEED",
    "AVTNPL",
    "AXISBANK",
    "AYMSYNTEX",
    "BAGFILMS",
    "BAJAJ-AUTO",
    "BAJAJCON",
    "BAJAJFINSV",
    "BAJAJHIND",
    "BAJAJHLDNG",
    "BALAMINES",
    "BALKRISIND",
    "BALMLAWRIE",
    "BALPHARMA",
    "BALRAMCHIN",
    "BANARISUG",
    "BANCOINDIA",
    "BANDHANBNK",
    "BANG",
    "BANKBARODA",
    "BANKINDIA",
    "BANSWRAS",
    "BASF",
    "BASML",
    "BATAINDIA",
    "BAYERCROP",
    "BBOX",
    "BBTC",
    "BCG",
    "BEARDSELL",
    "BEDMUTHA",
    "BEL",
    "BEPL",
    "BERGEPAINT",
    "BFINVEST",
    "BFUTILITIE",
    "BGRENERGY",
    "BHAGERIA",
    "BHAGYANGR",
    "BHANDARI",
    "BHARATFORG",
    "BHARTIARTL",
    "BHEL",
    "BIL",
    "BIOCON",
    "BIOFILCHEM",
    "BIRLACABLE",
    "BIRLACORPN",
    "BIRLAMONEY",
    "BIRLANU",
    "BLBLIMITED",
    "BLISSGVS",
    "BLS",
    "BLUESTARCO",
    "BOMDYEING",
    "BORORENEW",
    "BOSCHLTD",
    "BPCL",
    "BPL",
    "BRIGADE",
    "BRNL",
    "BROOKS",
    "BSE",
    "BSL",
    "BUTTERFLY",
    "BVCL",
    "BYKE",
    "CALSOFT",
    "CANFINHOME",
    "CANTABIL",
    "CARBORUNIV",
    "CARERATING",
    "CCHHL",
    "CCL",
    "CDSL",
    "CEATLTD",
    "CELEBRITY",
    "CEMPRO",
    "CENTENKA",
    "CENTRALBK",
    "CENTRUM",
    "CERA",
    "CEREBRAINT",
    "CESC",
    "CGPOWER",
    "CHALET",
    "CHEMFAB",
    "CHENNPETRO",
    "CHOLAHLDNG",
    "CIGNITITEC",
    "CINELINE",
    "CIPLA",
    "CNL",
    "COALINDIA",
    "COLPAL",
    "COMPINFO",
    "COMPUSOFT",
    "CONSOFINVT",
    "CORDSCABLE",
    "CPCAP",
    "CREDITACC",
    "CREST",
    "CROMPTON",
    "CTE",
    "CUB",
    "CUMMINSIND",
    "CYBERTECH",
    "CYIENT",
    "DABUR",
    "DALBHARAT",
    "DALMIASUG",
    "DAMODARIND",
    "DBL",
    "DBREALTY",
    "DCM",
    "DCMSHRIRAM",
    "DCW",
    "DECCANCE",
    "DELTAMAGNT",
    "DENORA",
    "DHAMPURSUG",
    "DHANBANK",
    "DHANUKA",
    "DHARAN",
    "DIAMONDYD",
    "DIVISLAB",
    "DIXON",
    "DLF",
    "DLINKINDIA",
    "DMART",
    "DNAMEDIA",
    "DONEAR",
    "DPSCLTD",
    "DREDGECORP",
    "DSSL",
    "DTIL",
    "DUCON",
    "DVL",
    "DWARKESH",
    "DYNAMATECH",
    "DYNPRO",
    "ECLERX",
    "EDELWEISS",
    "EICHERMOT",
    "EIDPARRY",
    "EIFFL",
    "EIMCOELECO",
    "EKC",
    "ELECTCAST",
    "ELGIEQUIP",
    "ELGIRUBCO",
    "EMAMILTD",
    "EMAMIREAL",
    "EMBDL",
    "EMKAY",
    "EMMBI",
    "ENDURANCE",
    "ENGINERSIN",
    "EPL",
    "ESABINDIA",
    "ESCORTS",
    "ESSARSHPNG",
    "ESTER",
    "EVERESTIND",
    "EXCEL",
    "EXIDEIND",
    "FDC",
    "FEDERALBNK",
    "FEL",
    "FELDVR",
    "FIEMIND",
    "FILATEX",
    "FINEORG",
    "FINPIPE",
    "FLEXITUFF",
    "FLFL",
    "FMGOETZE",
    "FMNL",
    "FORTIS",
    "FOSECOIND",
    "GABRIEL",
    "GAEL",
    "GAIL",
    "GALAXYSURF",
    "GALLANTT",
    "GANDHITUBE",
    "GANECOS",
    "GANESHHOU",
    "GANGESSECU",
    "GARFIBRES",
    "GAYAHWS",
    "GENESYS",
    "GENUSPAPER",
    "GENUSPOWER",
    "GFLLIMITED",
    "GHCL",
    "GICHSGFIN",
    "GICRE",
    "GILLANDERS",
    "GINNIFILA",
    "GIPCL",
    "GKWLIMITED",
    "GLAXO",
    "GLENMARK",
    "GLOBUSSPR",
    "GMBREW",
    "GMDCLTD",
    "GMRAIRPORT",
    "GNA",
    "GNFC",
    "GOCLCORP",
    "GODFRYPHLP",
    "GODREJAGRO",
    "GODREJCP",
    "GODREJIND",
    "GOKEX",
    "GOKUL",
    "GOLDENTOBC",
    "GOLDIAM",
    "GOLDTECH",
    "GPPL",
    "GRAPHITE",
    "GREAVESCOT",
    "GREENLAM",
    "GREENPOWER",
    "GRINDWELL",
    "GROBTEA",
    "GRPLTD",
    "GRSE",
    "GSFC",
    "GSPL",
    "GSS",
    "GTL",
    "GTLINFRA",
    "GTPL",
    "GUFICBIO",
    "GUJALKALI",
    "GUJGASLTD",
    "GULFOILLUB",
    "GULFPETRO",
    "GVKPIL",
    "GVPIL",
    "GVT&D",
    "HAL",
    "HALEOSLABS",
    "HATHWAY",
    "HATSUN",
    "HAVELLS",
    "HAVISHA",
    "HCC",
    "HCG",
    "HCL-INSYS",
    "HCLTECH",
    "HDFCBANK",
    "HDFCLIFE",
    "HEADSUP",
    "HEIDELBERG",
    "HERITGFOOD",
    "HEROMOTOCO",
    "HESTERBIO",
    "HEXATRADEX",
    "HGINFRA",
    "HGM",
    "HIKAL",
    "HIMATSEIDE",
    "HINDALCO",
    "HINDCOMPOS",
    "HINDCOPPER",
    "HINDPETRO",
    "HINDUNILVR",
    "HINDZINC",
    "HITECH",
    "HITECHCORP",
    "HITECHGEAR",
    "HMVL",
    "HONDAPOWER",
    "HPL",
    "HSCL",
    "HTMEDIA",
    "HUBTOWN",
    "HUDCO",
    "HUHTAMAKI",
    "IBULLSLTD",
    "ICICIBANK",
    "ICICIGI",
    "ICIL",
    "ICRA",
    "IDBI",
    "IDFCFIRSTB",
    "IFBAGRO",
    "IFBIND",
    "IFCI",
    "IFGLEXPOR",
    "IGL",
    "IGPL",
    "IIFL",
    "IITL",
    "IL&FSENGG",
    "IMFA",
    "IMPAL",
    "INCREDIBLE",
    "INDBANK",
    "INDIACEM",
    "INDIANB",
    "INDIGO",
    "INDORAMA",
    "INDOSTAR",
    "INDOTECH",
    "INDOWIND",
    "INDRAMEDCO",
    "INDTERRAIN",
    "INDUSINDBK",
    "INFOBEAN",
    "INFY",
    "INGERRAND",
    "INSECTICID",
    "INSPIRISYS",
    "INTELLECT",
    "INTENTECH",
    "INVENTURE",
    "IOC",
    "IRB",
    "IRCON",
    "ISFT",
    "ITC",
    "ITDC",
    "ITI",
    "IVC",
    "IZMO",
    "J&KBANK",
    "JAICORPLTD",
    "JAMNAAUTO",
    "JAYAGROGN",
    "JAYBARMARU",
    "JAYNECOIND",
    "JAYSREETEA",
    "JBCHEPHARM",
    "JHS",
    "JINDALSTEL",
    "JINDRILL",
    "JINDWORLD",
    "JISLDVREQS",
    "JISLJALEQS",
    "JITFINFRA",
    "JKCEMENT",
    "JKIL",
    "JKLAKSHMI",
    "JKTYRE",
    "JMFINANCIL",
    "JOCIL",
    "JPASSOCIAT",
    "JPOLYINVST",
    "JPPOWER",
    "JTEKTINDIA",
    "JUBLFOOD",
    "JUBLPHARMA",
    "JUSTDIAL",
    "JWL",
    "KAJARIACER",
    "KAKATCEM",
    "KANANIIND",
    "KANORICHEM",
    "KARMAENG",
    "KAUSHALYA",
    "KAYA",
    "KCP",
    "KCPSUGIND",
    "KECL",
    "KEI",
    "KERNEX",
    "KHADIM",
    "KICL",
    "KILITCH",
    "KINGFA",
    "KIOCL",
    "KIRLOSBROS",
    "KIRLOSENG",
    "KIRLOSIND",
    "KKCL",
    "KMSUGAR",
    "KNRCON",
    "KOHINOOR",
    "KOKUYOCMLN",
    "KOLTEPATIL",
    "KOPRAN",
    "KOTARISUG",
    "KOTHARIPET",
    "KPITTECH",
    "KPRMILL",
    "KRBL",
    "KREBSBIO",
    "KRIDHANINF",
    "KSCL",
    "KTKBANK",
    "LALPATHLAB",
    "LAMBODHARA",
    "LASA",
    "LAURUSLABS",
    "LEMONTREE",
    "LFIC",
    "LGBBROSLTD",
    "LINCOLN",
    "LINDEINDIA",
    "LLOYDSENGG",
    "LOKESHMACH",
    "LOTUSEYE",
    "LOVABLE",
    "LPDC",
    "LT",
    "LTFOODS",
    "LTM",
    "LTTS",
    "LUMAXTECH",
    "LUXIND",
    "LYKALABS",
    "LYPSAGEMS",
    "M&M",
    "M&MFIN",
    "MAANALU",
    "MADHAV",
    "MADHUCON",
    "MADRASFERT",
    "MAHABANK",
    "MAHAPEXLTD",
    "MAHASTEEL",
    "MAHLOG",
    "MANAKALUCO",
    "MANAKSIA",
    "MANAKSTEEL",
    "MANALIPETC",
    "MANAPPURAM",
    "MANGLMCEM",
    "MANINFRA",
    "MANUGRAPH",
    "MARALOVER",
    "MARATHON",
    "MARKSANS",
    "MARUTI",
    "MASFIN",
    "MASTEK",
    "MATRIMONY",
    "MAWANASUG",
    "MAYURUNIQ",
    "MBLINFRA",
    "MCLEODRUSS",
    "MEP",
    "METROPOLIS",
    "MFSL",
    "MHRIL",
    "MIDHANI",
    "MINDACORP",
    "MINDTECK",
    "MIRCELECTR",
    "MIRZAINT",
    "MMFL",
    "MMTC",
    "MOHITIND",
    "MOIL",
    "MOLDTECH",
    "MORARJEE",
    "MOREPENLAB",
    "MOTHERSON",
    "MOTILALOFS",
    "MOTOGENFIN",
    "MPSLTD",
    "MRPL",
    "MSPL",
    "MSTCLTD",
    "MTNL",
    "MUKANDLTD",
    "MUKTAARTS",
    "MUNJALAU",
    "MUNJALSHOW",
    "MURUDCERA",
    "MUTHOOTCAP",
    "NAGAFERT",
    "NAGREEKEXP",
    "NAHARINDUS",
    "NAHARPOLY",
    "NATCOPHARM",
    "NATHBIOGEN",
    "NATIONALUM",
    "NAVINFLUOR",
    "NAVNETEDUL",
    "NBCC",
    "NBIFIN",
    "NDLVENTURE",
    "NDTV",
    "NECLIFE",
    "NELCAST",
    "NELCO",
    "NESCO",
    "NETWORK18",
    "NEULANDLAB",
    "NEWGEN",
    "NFL",
    "NH",
    "NHPC",
    "NIACL",
    "NIBL",
    "NIITLTD",
    "NILASPACES",
    "NILKAMAL",
    "NITCO",
    "NKIND",
    "NLCINDIA",
    "NOCIL",
    "NOIDATOLL",
    "NRAIL",
    "NRBBEARING",
    "OBEROIRLTY",
    "OFSS",
    "OIL",
    "OILCOUNTUB",
    "OLECTRA",
    "OMAXE",
    "OMINFRAL",
    "ONELIFECAP",
    "ONEPOINT",
    "ONMOBILE",
    "ORICONENT",
    "ORIENTALTL",
    "ORIENTCEM",
    "ORIENTCER",
    "ORIENTELEC",
    "ORIENTHOT",
    "ORIENTPPR",
    "ORISSAMINE",
    "ORTEL",
    "OSWALAGRO",
    "OSWALGREEN",
    "PAGEIND",
    "PAISALO",
    "PALASHSECU",
    "PALREDTEC",
    "PANAMAPET",
    "PARACABLES",
    "PARAGMILK",
    "PARSVNATH",
    "PATINTLOG",
    "PCBL",
    "PDMJEPAPER",
    "PDSL",
    "PEARLPOLY",
    "PENIND",
    "PENINLAND",
    "PETRONET",
    "PFC",
    "PFIZER",
    "PFS",
    "PGHL",
    "PGIL",
    "PIDILITIND",
    "PIIND",
    "PILANIINVS",
    "PILITA",
    "PIONEEREMB",
    "PITTIENG",
    "PKTEA",
    "PLASTIBLEN",
    "PNB",
    "PNBGILTS",
    "PNBHOUSING",
    "PNCINFRA",
    "PODDARMENT",
    "POKARNA",
    "POLYCAB",
    "POLYMED",
    "POLYPLEX",
    "PONNIERODE",
    "POONAWALLA",
    "POWERGRID",
    "POWERMECH",
    "PPAP",
    "PRAENG",
    "PRAKASH",
    "PRAKASHSTL",
    "PRECAM",
    "PRECWIRE",
    "PREMIER",
    "PRESTIGE",
    "PRIVISCL",
    "PSPPROJECT",
    "PTC",
    "PTL",
    "PUNJABCHEM",
    "PVRINOX",
    "QUESS",
    "QUICKHEAL",
    "RADAAN",
    "RADICO",
    "RADIOCITY",
    "RAIN",
    "RAJESHEXPO",
    "RAJSREESUG",
    "RAJTV",
    "RALLIS",
    "RAMANEWS",
    "RAMASTEEL",
    "RAMCOCEM",
    "RAMCOSYS",
    "RAMKY",
    "RANASUG",
    "RATNAMANI",
    "RAYMOND",
    "RBLBANK",
    "RCF",
    "RCOM",
    "RECLTD",
    "REDINGTON",
    "RELAXO",
    "RELIANCE",
    "RENUKA",
    "REPRO",
    "RGL",
    "RHFL",
    "RICOAUTO",
    "RIIL",
    "RITES",
    "RKDL",
    "RKFORGE",
    "ROHLTD",
    "ROLLT",
    "ROSSELLIND",
    "RPGLIFE",
    "RPOWER",
    "RPPINFRA",
    "RPSGVENT",
    "RSSOFTWARE",
    "RSWM",
    "RSYSTEMS",
    "RTNINDIA",
    "RUBYMILLS",
    "RUCHINFRA",
    "RUCHIRA",
    "RUPA",
    "RVNL",
    "SADBHAV",
    "SAGARDEEP",
    "SAIL",
    "SAKAR",
    "SAKHTISUG",
    "SAKSOFT",
    "SAKUMA",
    "SALASAR",
    "SALONA",
    "SALSTEEL",
    "SAMBHAAV",
    "SAMMAANCAP",
    "SANCO",
    "SANDESH",
    "SANGAMIND",
    "SANGINITA",
    "SARDAEN",
    "SASKEN",
    "SASTASUNDR",
    "SATIN",
    "SBILIFE",
    "SCHAEFFLER",
    "SCHAND",
    "SCI",
    "SEAMECLTD",
    "SEMAC",
    "SEPC",
    "SESHAPAPER",
    "SETCO",
    "SETUINFRA",
    "SFL",
    "SGL",
    "SHAH",
    "SHAKTIPUMP",
    "SHALBY",
    "SHALPAINTS",
    "SHANKARA",
    "SHARDAMOTR",
    "SHILPAMED",
    "SHIVAMAUTO",
    "SHIVATEX",
    "SHK",
    "SHOPERSTOP",
    "SHREECEM",
    "SHREEPUSHK",
    "SHREERAMA",
    "SHREYANIND",
    "SHRIPISTON",
    "SHYAMCENT",
    "SIEMENS",
    "SIGMAADV",
    "SIL",
    "SIMBHALS",
    "SIMPLEXINF",
    "SIRCA",
    "SITINET",
    "SIYSIL",
    "SJVN",
    "SKFINDIA",
    "SKIPPER",
    "SMSPHARMA",
    "SNOWMAN",
    "SOBHA",
    "SOLARA",
    "SOLARINDS",
    "SOMANYCERA",
    "SOMATEX",
    "SOMICONVEY",
    "SONATSOFTW",
    "SOTL",
    "SOUTHBANK",
    "SOUTHWEST",
    "SPAL",
    "SPARC",
    "SPCENET",
    "SPECIALITY",
    "SPENCERS",
    "SPIC",
    "SPLIL",
    "SPMLINFRA",
    "SREEL",
    "SRF",
    "SRHHYPOLTD",
    "SSWL",
    "STAR",
    "STARCEMENT",
    "STEELXIND",
    "STEL",
    "STERTOOLS",
    "STLTECH",
    "STYRENIX",
    "SUBEXLTD",
    "SUBROS",
    "SUMIT",
    "SUNDARAM",
    "SUNDARMFIN",
    "SUNDRMBRAK",
    "SUNDRMFAST",
    "SUNDROP",
    "SUNFLAG",
    "SUNPHARMA",
    "SUNTV",
    "SUPERHOUSE",
    "SUPERSPIN",
    "SUPRAJIT",
    "SUPREMEIND",
    "SUPREMEINF",
    "SURANASOL",
    "SURYALAXMI",
    "SURYAROSNI",
    "SUZLON",
    "SWARAJENG",
    "SWELECTES",
    "SYNGENE",
    "TAINWALCHM",
    "TAJGVK",
    "TAKE",
    "TANLA",
    "TARIL",
    "TASTYBITE",
    "TATACHEM",
    "TATACOMM",
    "TATACONSUM",
    "TATAELXSI",
    "TCI",
    "TCIEXP",
    "TCPLPACK",
    "TCS",
    "TEAMGTY",
    "TECHNOE",
    "TEXINFRA",
    "TEXMOPIPES",
    "TFL",
    "TGBHOTELS",
    "THANGAMAYL",
    "THEINVEST",
    "THERMAX",
    "TI",
    "TIIL",
    "TIJARIA",
    "TIL",
    "TIMKEN",
    "TIPSMUSIC",
    "TIRUMALCHM",
    "TITAN",
    "TMPV",
    "TNPETRO",
    "TOKYOPLAST",
    "TORNTPHARM",
    "TPLPLASTEH",
    "TRANSWORLD",
    "TREEHOUSE",
    "TREJHARA",
    "TRF",
    "TRIDENT",
    "TRIGYN",
    "TRIVENI",
    "TSFINV",
    "TTKHLTCARE",
    "TTKPRESTIG",
    "TTML",
    "TVSELECT",
    "TVSMOTOR",
    "TVTODAY",
    "TVVISION",
    "UBL",
    "UCOBANK",
    "UFLEX",
    "UFO",
    "UGARSUGAR",
    "ULTRACEMCO",
    "UNICHEMLAB",
    "UNIENTER",
    "UNIINFO",
    "UNIONBANK",
    "UNITECH",
    "UNITEDTEA",
    "UNOMINDA",
    "UPL",
    "URJA",
    "UTTAMSUGAR",
    "V2RETAIL",
    "VAIBHAVGBL",
    "VAKRANGEE",
    "VARDHACRLC",
    "VARROC",
    "VASCONEQ",
    "VASWANI",
    "VEEDOL",
    "VENKEYS",
    "VENUSREM",
    "VETO",
    "VGL",
    "VGUARD",
    "VIJIFIN",
    "VIKASLIFE",
    "VIMTALABS",
    "VINATIORGA",
    "VINDHYATEL",
    "VINYLINDIA",
    "VIPIND",
    "VIPULLTD",
    "VISAKAIND",
    "VISASTEEL",
    "VIYASH",
    "VLSFINANCE",
    "VRLLOG",
    "VSSL",
    "VSTIND",
    "VSTTILLERS",
    "WABAG",
    "WALCHANNAG",
    "WEIZMANIND",
    "WELCORP",
    "WELINV",
    "WELSPUNLIV",
    "WENDT",
    "WEWIN",
    "WHEELS",
    "WHIRLPOOL",
    "WILLAMAGOR",
    "WINDMACHIN",
    "WOCKPHARMA",
    "WONDERLA",
    "WSI",
    "WSTCSTPAPR",
    "XCHANGING",
    "XELPMOC",
    "XPROINDIA",
    "YESBANK",
    "ZEEL",
    "ZEELEARN",
    "ZEEMEDIA",
    "ZENITHSTL",
    "ZENSARTECH",
    "ZENTEC",
    "ZFCVINDIA",
    "ZODIACLOTH",
    "ZOTA",
    "ZUARI",
    "ZUARIIND",
    "ZYDUSLIFE"
  ],
  "selected_stocks": [
    "ADANIGREEN",
    "RELAXO",
    "BBOX",
    "SANGINITA",
    "FINEORG",
    "GUJGASLTD",
    "TANLA",
    "BIOFILCHEM",
    "JKCEMENT",
    "NAVINFLUOR",
    "ALKYLAMINE",
    "ORIENTELEC",
    "ARMANFIN",
    "AUBANK",
    "VAIBHAVGBL"
  ],
  "selected_indices": [
    13,
    694,
    110,
    736,
    256,
    321,
    838,
    129,
    428,
    566,
    32,
    608,
    58,
    78,
    903
  ],
  "matrices": {
    "covariance_selected": [
      [
        0.3537359337347809,
        0.014294698297920216,
        -0.011226104712232243,
        0.010784508412938371,
        0.010953415038843966,
        0.025534355389266874,
        0.02440496168925698,
        -5.002053326376371e-06,
        0.020742173381446544,
        0.0062674536435337585,
        0.027874577593591663,
        0.019770777435233918,
        0.035608267684275975,
        0.017616263735707068,
        -0.005274741082198012
      ],
      [
        0.014294698297920216,
        0.06198416100970205,
        0.004419016147712418,
        0.006355812205062891,
        0.010730437646636837,
        0.007470991088350239,
        -0.001421078429428598,
        -0.007672105006573109,
        0.010553135769156192,
        0.011760925790666354,
        0.005846197200820874,
        0.009787380869226902,
        0.009928926738325636,
        0.0014553195981761183,
        0.008800690838464348
      ],
      [
        -0.011226104712232243,
        0.004419016147712418,
        0.3499059792134599,
        -0.028304648600837812,
        0.01030393198701832,
        -0.008094782644230086,
        0.022245793228913308,
        0.0007683560037243845,
        0.012685237466761996,
        0.012256219846389187,
        0.011366285383779377,
        0.016068913737252083,
        0.01098155740167081,
        0.004534812073581966,
        0.010515851449614994
      ],
      [
        0.010784508412938371,
        0.006355812205062891,
        -0.028304648600837812,
        0.1714583925837376,
        0.012978573317773072,
        0.014241956408034766,
        -0.0071310853928209916,
        0.004940808200653298,
        -0.005016080074486397,
        -0.0003369513715462679,
        0.0014655946178734963,
        0.0010661556009858386,
        0.003292488091497693,
        0.002214395495255996,
        -0.0007458728889076093
      ],
      [
        0.010953415038843966,
        0.010730437646636837,
        0.01030393198701832,
        0.012978573317773072,
        0.11115163515530554,
        -0.0031539741338517512,
        0.0025279252109892047,
        0.00023343930522966047,
        0.005841413480077879,
        0.0132451073067029,
        0.014545834018132487,
        0.0056268800635270325,
        0.0024956550401410127,
        -0.002891229842192059,
        0.0078016813388243214
      ],
      [
        0.025534355389266874,
        0.007470991088350239,
        -0.008094782644230086,
        0.014241956408034766,
        -0.0031539741338517512,
        0.11746829776582025,
        0.013927998081649363,
        0.006039010033139618,
        0.017995036671897367,
        0.012382102333500492,
        0.016617497039338604,
        0.008322200314732521,
        0.018472817969738497,
        0.006874822498043133,
        0.008438186144222634
      ],
      [
        0.02440496168925698,
        -0.001421078429428598,
        0.022245793228913308,
        -0.0071310853928209916,
        0.0025279252109892047,
        0.013927998081649363,
        0.2832814685979118,
        0.013555263618195043,
        0.0006654901260061672,
        0.004018052200379552,
        0.016638875984952534,
        0.003955294177770649,
        0.0032804521068397724,
        0.01269314514919589,
        0.001786802041351344
      ],
      [
        -5.002053326376371e-06,
        -0.007672105006573109,
        0.0007683560037243845,
        0.004940808200653298,
        0.00023343930522966047,
        0.006039010033139618,
        0.013555263618195043,
        0.28738261039179774,
        -0.0034044424684832996,
        -0.007169060043716202,
        -0.006122167473221726,
        -0.014925350914897703,
        -0.029501209945184896,
        0.0008970207005437491,
        0.0019236803180691278
      ],
      [
        0.020742173381446544,
        0.010553135769156192,
        0.012685237466761996,
        -0.005016080074486397,
        0.005841413480077879,
        0.017995036671897367,
        0.0006654901260061672,
        -0.0034044424684832996,
        0.08258768965985024,
        0.011650311640316283,
        0.015398770653774565,
        0.017980729101519176,
        0.014134029919114737,
        0.019263814776866398,
        0.010886534193736235
      ],
      [
        0.0062674536435337585,
        0.011760925790666354,
        0.012256219846389187,
        -0.0003369513715462679,
        0.0132451073067029,
        0.012382102333500492,
        0.004018052200379552,
        -0.007169060043716202,
        0.011650311640316283,
        0.11701562974678725,
        0.004711188300947525,
        0.010073686458408084,
        0.005031508333266907,
        0.010886944133092755,
        0.011266517491699135
      ],
      [
        0.027874577593591663,
        0.005846197200820874,
        0.011366285383779377,
        0.0014655946178734963,
        0.014545834018132487,
        0.016617497039338604,
        0.016638875984952534,
        -0.006122167473221726,
        0.015398770653774565,
        0.004711188300947525,
        0.13242548599606027,
        0.0073757552425521376,
        0.02144006042241392,
        0.008374793383591846,
        0.009013445319962489
      ],
      [
        0.019770777435233918,
        0.009787380869226902,
        0.016068913737252083,
        0.0010661556009858386,
        0.0056268800635270325,
        0.008322200314732521,
        0.003955294177770649,
        -0.014925350914897703,
        0.017980729101519176,
        0.010073686458408084,
        0.0073757552425521376,
        0.12304482032478267,
        0.005123575684693749,
        0.012224971961006893,
        0.016149824988073325
      ],
      [
        0.035608267684275975,
        0.009928926738325636,
        0.01098155740167081,
        0.003292488091497693,
        0.0024956550401410127,
        0.018472817969738497,
        0.0032804521068397724,
        -0.029501209945184896,
        0.014134029919114737,
        0.005031508333266907,
        0.02144006042241392,
        0.005123575684693749,
        0.22412346971146496,
        0.01318205466397462,
        0.004173859065712505
      ],
      [
        0.017616263735707068,
        0.0014553195981761183,
        0.004534812073581966,
        0.002214395495255996,
        -0.002891229842192059,
        0.006874822498043133,
        0.01269314514919589,
        0.0008970207005437491,
        0.019263814776866398,
        0.010886944133092755,
        0.008374793383591846,
        0.012224971961006893,
        0.01318205466397462,
        0.11479764735006773,
        0.006958231048084749
      ],
      [
        -0.005274741082198012,
        0.008800690838464348,
        0.010515851449614994,
        -0.0007458728889076093,
        0.0078016813388243214,
        0.008438186144222634,
        0.001786802041351344,
        0.0019236803180691278,
        0.010886534193736235,
        0.011266517491699135,
        0.009013445319962489,
        0.016149824988073325,
        0.004173859065712505,
        0.006958231048084749,
        0.09840068695979529
      ]
    ],
    "qubo_selected": [
      [
        -20069.731819986624,
        0.07121653536855195,
        0.035232527471414136,
        -0.022452209424464485,
        0.03415209818744108,
        -1.0004106652752742e-05,
        0.03749132665506592,
        0.02190683007768793,
        0.02886860028205204,
        0.034452933488461034,
        0.005400039682514267,
        0.039541554870467836,
        0.029981948133086116,
        0.04880992337851396,
        -0.010549482164396023
      ],
      [
        0.07121653536855195,
        -20068.90000009025,
        0.02636410932794924,
        0.02196311480334162,
        0.025922306032145948,
        -0.05900241989036979,
        0.06338765371062735,
        0.0049913100802820255,
        0.013777083087192358,
        0.05674757263791399,
        -0.0027651681153915094,
        0.010247151369387498,
        0.013775741036676562,
        0.006560904213679545,
        0.00834771813142501
      ],
      [
        0.035232527471414136,
        0.02636410932794924,
        -20068.68813658886,
        0.009069624147163932,
        0.01710059586848949,
        0.0017940414010874982,
        0.037737475395195584,
        -0.005782459684384118,
        0.0049220738689882415,
        0.026549233884541015,
        0.009095214421041217,
        0.024449943922013787,
        0.009803300941730379,
        0.02538629029839178,
        0.013916462096169499
      ],
      [
        -0.022452209424464485,
        0.02196311480334162,
        0.009069624147163932,
        -20069.326239808102,
        0.003419615367468096,
        0.001536712007448769,
        0.0052417094362327875,
        0.02060786397403664,
        0.01773702648599144,
        0.024058493103823044,
        -0.00328931139949949,
        0.032137827474504166,
        0.022242289393038375,
        0.044491586457826617,
        0.02103170289922999
      ],
      [
        0.03415209818744108,
        0.025922306032145948,
        0.01710059586848949,
        0.003419615367468096,
        -20068.65525768586,
        0.0012681778605735088,
        0.026716871411616064,
        0.018878010768979193,
        0.0076075376923091815,
        0.038890935519750765,
        0.0042799984989095406,
        0.027308938199032216,
        0.012124515152548022,
        0.0012280963624277336,
        0.024946389777388143
      ],
      [
        -1.0004106652752742e-05,
        -0.05900241989036979,
        0.0017940414010874982,
        0.001536712007448769,
        0.0012681778605735088,
        -20068.353757564848,
        -0.020922781999055753,
        0.00046687861045932095,
        0.012084237458074873,
        -0.014547068005110289,
        0.037638643875225294,
        -0.029850701829795406,
        0.015291446886719713,
        0.027110527236390087,
        0.0038473606361382555
      ],
      [
        0.03749132665506592,
        0.06338765371062735,
        0.037737475395195584,
        0.0052417094362327875,
        0.026716871411616064,
        -0.020922781999055753,
        -20068.80524874078,
        0.019549783929458747,
        0.02513478891568829,
        0.04440285156589545,
        -0.01164262103567258,
        0.019499285447156938,
        0.024766160584122635,
        0.032745361339563475,
        0.012963678349911805
      ],
      [
        0.02190683007768793,
        0.0049913100802820255,
        -0.005782459684384118,
        0.02060786397403664,
        0.018878010768979193,
        0.00046687861045932095,
        0.019549783929458747,
        -20068.64254812886,
        0.004996924314483724,
        0.00474802922280839,
        -0.009385593553293407,
        0.011253760127054065,
        0.024394644179117304,
        0.0050558504219784094,
        0.015603362677648643
      ],
      [
        0.02886860028205204,
        0.013777083087192358,
        0.0049220738689882415,
        0.01773702648599144,
        0.0076075376923091815,
        0.012084237458074873,
        0.02513478891568829,
        0.004996924314483724,
        -20068.48242030664,
        0.0034414143510409514,
        0.00978715812962198,
        0.015891151475503712,
        0.026159144329594392,
        0.013299384249735386,
        0.009224209968373979
      ],
      [
        0.034452933488461034,
        0.05674757263791399,
        0.026549233884541015,
        0.024058493103823044,
        0.038890935519750765,
        -0.014547068005110289,
        0.04440285156589545,
        0.00474802922280839,
        0.0034414143510409514,
        -20068.60926941032,
        0.014137497372968228,
        0.02079742097124732,
        0.0014368697133859193,
        0.018438090167620186,
        0.005969409739420308
      ],
      [
        0.005400039682514267,
        -0.0027651681153915094,
        0.009095214421041217,
        -0.00328931139949949,
        0.0042799984989095406,
        0.037638643875225294,
        -0.01164262103567258,
        -0.009385593553293407,
        0.00978715812962198,
        0.014137497372968228,
        -20068.392869667645,
        -0.016768960344810513,
        0.0030532653820619306,
        0.004269821396747704,
        0.005651212833376727
      ],
      [
        0.039541554870467836,
        0.010247151369387498,
        0.024449943922013787,
        0.032137827474504166,
        0.027308938199032216,
        -0.029850701829795406,
        0.019499285447156938,
        0.011253760127054065,
        0.015891151475503712,
        0.02079742097124732,
        -0.016768960344810513,
        -20068.71461460345,
        0.016304623677186172,
        0.007910588355541297,
        0.03229964997614665
      ],
      [
        0.029981948133086116,
        0.013775741036676562,
        0.009803300941730379,
        0.022242289393038375,
        0.012124515152548022,
        0.015291446886719713,
        0.024766160584122635,
        0.024394644179117304,
        0.026159144329594392,
        0.0014368697133859193,
        0.0030532653820619306,
        0.016304623677186172,
        -20068.605920499303,
        2.5663515807154853e-05,
        0.008008002091644408
      ],
      [
        0.04880992337851396,
        0.006560904213679545,
        0.02538629029839178,
        0.044491586457826617,
        0.0012280963624277336,
        0.027110527236390087,
        0.032745361339563475,
        0.0050558504219784094,
        0.013299384249735386,
        0.018438090167620186,
        0.004269821396747704,
        0.007910588355541297,
        2.5663515807154853e-05,
        -20068.706482717764,
        0.003573604082702688
      ],
      [
        -0.010549482164396023,
        0.00834771813142501,
        0.013916462096169499,
        0.02103170289922999,
        0.024946389777388143,
        0.0038473606361382555,
        0.012963678349911805,
        0.015603362677648643,
        0.009224209968373979,
        0.005969409739420308,
        0.005651212833376727,
        0.03229964997614665,
        0.008008002091644408,
        0.003573604082702688,
        -20068.601057628868
      ]
    ]
  }
}