{
  "scenario_group": "crash",
  "scenario_name": "European Debt Stress",
  "scenario": {
    "train_start": "2011-03-14",
    "train_end": "2012-03-13",
    "test_start": "2012-03-14",
    "test_end": "2012-09-30",
    "description": "12M train before Euro stress, test during stress window"
  },
  "symbols_full": [
    "20MICRONS",
    "3MINDIA",
    "3PLAND",
    "63MOONS",
    "A2ZINFRA",
    "AARTIDRUGS",
    "AARTIIND",
    "ABAN",
    "ABB",
    "ABBOTINDIA",
    "ABREL",
    "ACC",
    "ACCELYA",
    "ACE",
    "ADANIENT",
    "ADANIPORTS",
    "ADFFOODS",
    "ADL",
    "ADOR",
    "ADROITINFO",
    "ADVANIHOTR",
    "AEGISLOG",
    "AGI",
    "AHLEAST",
    "AHLUCONT",
    "AIAENG",
    "AJANTPHARM",
    "AKSHOPTFBR",
    "AKZOINDIA",
    "ALEMBICLTD",
    "ALICON",
    "ALKALI",
    "ALKYLAMINE",
    "ALLCARGO",
    "ALLDIGI",
    "ALPHAGEO",
    "AMBIKCO",
    "AMBUJACEM",
    "AMDIND",
    "AMJLAND",
    "AMRUTANJAN",
    "ANANTRAJ",
    "ANDHRSUGAR",
    "ANTELOPUS",
    "APARINDS",
    "APCOTEXIND",
    "APOLLOHOSP",
    "APOLLOTYRE",
    "APTECHT",
    "ARCHIDPLY",
    "ARCHIES",
    "ARE&M",
    "ARIES",
    "AROGRANITE",
    "ARVIND",
    "ASAHIINDIA",
    "ASAL",
    "ASHAPURMIN",
    "ASHIMASYN",
    "ASHOKA",
    "ASHOKLEY",
    "ASIANHOTNR",
    "ASIANPAINT",
    "ASIANTILES",
    "ASTEC",
    "ASTRAL",
    "ASTRAMICRO",
    "ASTRAZEN",
    "ATLANTAA",
    "ATUL",
    "AURIONPRO",
    "AUROPHARMA",
    "AUSOMENT",
    "AUTOAXLES",
    "AUTOIND",
    "AVTNPL",
    "AXISBANK",
    "AXISCADES",
    "BAGFILMS",
    "BAJAJ-AUTO",
    "BAJAJCON",
    "BAJAJELEC",
    "BAJAJFINSV",
    "BAJAJHIND",
    "BAJAJHLDNG",
    "BALAJITELE",
    "BALAMINES",
    "BALKRISIND",
    "BALMLAWRIE",
    "BALPHARMA",
    "BALRAMCHIN",
    "BANARISUG",
    "BANCOINDIA",
    "BANKBARODA",
    "BANKINDIA",
    "BANSWRAS",
    "BASF",
    "BASML",
    "BATAINDIA",
    "BAYERCROP",
    "BBOX",
    "BBTC",
    "BEDMUTHA",
    "BEL",
    "BEPL",
    "BERGEPAINT",
    "BFINVEST",
    "BFUTILITIE",
    "BGRENERGY",
    "BHARATFORG",
    "BHARATGEAR",
    "BHARTIARTL",
    "BHEL",
    "BIL",
    "BILVYAPAR",
    "BIOCON",
    "BIRLACABLE",
    "BIRLACORPN",
    "BIRLANU",
    "BLISSGVS",
    "BLKASHYAP",
    "BLUEDART",
    "BLUESTARCO",
    "BOMDYEING",
    "BOSCH-HCIL",
    "BOSCHLTD",
    "BPCL",
    "BPL",
    "BRIGADE",
    "BRITANNIA",
    "BSL",
    "BSOFT",
    "CALSOFT",
    "CANFINHOME",
    "CANTABIL",
    "CARBORUNIV",
    "CASTROLIND",
    "CCL",
    "CEATLTD",
    "CELEBRITY",
    "CEMPRO",
    "CENTENKA",
    "CENTRALBK",
    "CENTUM",
    "CENTURYPLY",
    "CERA",
    "CESC",
    "CGPOWER",
    "CHAMBLFERT",
    "CHENNPETRO",
    "CHOLAFIN",
    "CIEINDIA",
    "CINELINE",
    "CIPLA",
    "COALINDIA",
    "COLPAL",
    "CONCOR",
    "CONSOFINVT",
    "CORDSCABLE",
    "COROMANDEL",
    "COSMOFIRST",
    "COUNCODOS",
    "CPCAP",
    "CREATIVEYE",
    "CRISIL",
    "CTE",
    "CUB",
    "CUMMINSIND",
    "CYBERTECH",
    "CYIENT",
    "DABUR",
    "DALMIASUG",
    "DATAMATICS",
    "DBCORP",
    "DBREALTY",
    "DCBBANK",
    "DCM",
    "DCMSHRIRAM",
    "DCW",
    "DECCANCE",
    "DEEPAKFERT",
    "DEEPAKNTR",
    "DELTACORP",
    "DELTAMAGNT",
    "DEN",
    "DENORA",
    "DHAMPURSUG",
    "DHANBANK",
    "DHUNINV",
    "DICIND",
    "DIGISPICE",
    "DISHTV",
    "DIVISLAB",
    "DLF",
    "DLINKINDIA",
    "DONEAR",
    "DPSCLTD",
    "DRCSYSTEMS",
    "DREDGECORP",
    "DSSL",
    "DVL",
    "DWARKESH",
    "DYNAMATECH",
    "ECLERX",
    "EDELWEISS",
    "EICHERMOT",
    "EIDPARRY",
    "EIHAHOTELS",
    "EIHOTEL",
    "EKC",
    "ELECTCAST",
    "ELECTHERM",
    "ELGIEQUIP",
    "ELGIRUBCO",
    "EMAMILTD",
    "EMBDL",
    "EMKAY",
    "EMMBI",
    "ENERGYDEV",
    "ENGINERSIN",
    "ENIL",
    "EPL",
    "ESABINDIA",
    "ESCORTS",
    "EUROTEXIND",
    "EVEREADY",
    "EVERESTIND",
    "EXCEL",
    "EXCELINDUS",
    "EXIDEIND",
    "EXPLEOSOL",
    "FACT",
    "FDC",
    "FEDERALBNK",
    "FELDVR",
    "FIEMIND",
    "FINCABLES",
    "FINPIPE",
    "FMGOETZE",
    "FMNL",
    "FORTIS",
    "FOSECOIND",
    "FSL",
    "GABRIEL",
    "GAEL",
    "GAIL",
    "GALLANTT",
    "GANDHITUBE",
    "GANESHHOU",
    "GARFIBRES",
    "GEECEE",
    "GENESYS",
    "GENUSPOWER",
    "GEOJITFSL",
    "GESHIP",
    "GFLLIMITED",
    "GHCL",
    "GICHSGFIN",
    "GILLANDERS",
    "GILLETTE",
    "GINNIFILA",
    "GIPCL",
    "GKWLIMITED",
    "GLAXO",
    "GLENMARK",
    "GLOBALVECT",
    "GLOBUSSPR",
    "GMBREW",
    "GMDCLTD",
    "GMRAIRPORT",
    "GNFC",
    "GOACARBON",
    "GOCLCORP",
    "GODFRYPHLP",
    "GODREJCP",
    "GODREJIND",
    "GODREJPROP",
    "GOKUL",
    "GOLDIAM",
    "GPPL",
    "GRANULES",
    "GRAPHITE",
    "GRASIM",
    "GRAVITA",
    "GREAVESCOT",
    "GREENPLY",
    "GREENPOWER",
    "GRINDWELL",
    "GSFC",
    "GSPL",
    "GSS",
    "GTL",
    "GTLINFRA",
    "GUFICBIO",
    "GUJALKALI",
    "GUJAPOLLO",
    "GUJGASLTD",
    "GULFPETRO",
    "GVKPIL",
    "GVPIL",
    "GVT&D",
    "HARRMALAYA",
    "HATHWAY",
    "HAVELLS",
    "HBLENGINE",
    "HCC",
    "HCL-INSYS",
    "HCLTECH",
    "HDFCBANK",
    "HEIDELBERG",
    "HERITGFOOD",
    "HEROMOTOCO",
    "HFCL",
    "HGM",
    "HGS",
    "HIKAL",
    "HILTON",
    "HIMATSEIDE",
    "HINDALCO",
    "HINDCOMPOS",
    "HINDCOPPER",
    "HINDOILEXP",
    "HINDPETRO",
    "HINDUNILVR",
    "HINDZINC",
    "HIRECT",
    "HITECHCORP",
    "HITECHGEAR",
    "HLVLTD",
    "HMVL",
    "HONAUT",
    "HONDAPOWER",
    "HSCL",
    "HTMEDIA",
    "HUBTOWN",
    "HUHTAMAKI",
    "ICICIBANK",
    "ICIL",
    "ICRA",
    "IDBI",
    "IDEA",
    "IFBAGRO",
    "IFBIND",
    "IFCI",
    "IGARASHI",
    "IGL",
    "IGPL",
    "IIFL",
    "IITL",
    "IL&FSENGG",
    "IL&FSTRANS",
    "IMFA",
    "IMPAL",
    "IMPEXFERRO",
    "INDBANK",
    "INDHOTEL",
    "INDIACEM",
    "INDIANB",
    "INDIANCARD",
    "INDIANHUME",
    "INDNIPPON",
    "INDOCO",
    "INDORAMA",
    "INDOTECH",
    "INDOWIND",
    "INDRAMEDCO",
    "INDSWFTLAB",
    "INDTERRAIN",
    "INDUSINDBK",
    "INFY",
    "INGERRAND",
    "INSECTICID",
    "IOB",
    "IOC",
    "IPCALAB",
    "IRB",
    "ISFT",
    "ITC",
    "ITI",
    "IVC",
    "IVP",
    "IZMO",
    "J&KBANK",
    "JAGRAN",
    "JAICORPLTD",
    "JAMNAAUTO",
    "JAYAGROGN",
    "JAYBARMARU",
    "JAYNECOIND",
    "JAYSREETEA",
    "JBCHEPHARM",
    "JINDALPOLY",
    "JINDALSTEL",
    "JINDRILL",
    "JINDWORLD",
    "JISLJALEQS",
    "JKCEMENT",
    "JKIL",
    "JKLAKSHMI",
    "JKPAPER",
    "JKTYRE",
    "JMFINANCIL",
    "JOCIL",
    "JPASSOCIAT",
    "JPPOWER",
    "JSL",
    "JSWENERGY",
    "JSWHL",
    "JSWSTEEL",
    "JTEKTINDIA",
    "JUBLFOOD",
    "JUBLPHARMA",
    "JWL",
    "JYOTHYLAB",
    "JYOTISTRUC",
    "KABRAEXTRU",
    "KAJARIACER",
    "KAKATCEM",
    "KAMATHOTEL",
    "KANORICHEM",
    "KANSAINER",
    "KARURVYSYA",
    "KAUSHALYA",
    "KAVDEFENCE",
    "KCP",
    "KCPSUGIND",
    "KEC",
    "KECL",
    "KEI",
    "KESORAMIND",
    "KEYFINSERV",
    "KHANDSE",
    "KICL",
    "KIRIINDUS",
    "KIRLOSBROS",
    "KIRLOSENG",
    "KIRLOSIND",
    "KKCL",
    "KMSUGAR",
    "KNRCON",
    "KOHINOOR",
    "KOKUYOCMLN",
    "KOLTEPATIL",
    "KOPRAN",
    "KOTARISUG",
    "KOTHARIPET",
    "KOTHARIPRO",
    "KPIL",
    "KPRMILL",
    "KRBL",
    "KSCL",
    "KSL",
    "KTKBANK",
    "LAOPALA",
    "LGBBROSLTD",
    "LIBERTSHOE",
    "LICHSGFIN",
    "LINDEINDIA",
    "LMW",
    "LOKESHMACH",
    "LOTUSEYE",
    "LOVABLE",
    "LPDC",
    "LT",
    "LTFOODS",
    "LUMAXIND",
    "LUMAXTECH",
    "LUPIN",
    "LYKALABS",
    "M&M",
    "M&MFIN",
    "MAANALU",
    "MADHAV",
    "MADHUCON",
    "MAGNUM",
    "MAHABANK",
    "MAHLIFE",
    "MAHSCOOTER",
    "MAHSEAMLES",
    "MALUPAPER",
    "MANAKSIA",
    "MANALIPETC",
    "MANAPPURAM",
    "MANGALAM",
    "MANGLMCEM",
    "MANINDS",
    "MANINFRA",
    "MANUGRAPH",
    "MARALOVER",
    "MARICO",
    "MARKSANS",
    "MARUTI",
    "MASTEK",
    "MAWANASUG",
    "MBLINFRA",
    "MCLEODRUSS",
    "MEDPLUS",
    "MFSL",
    "MHRIL",
    "MIRCELECTR",
    "MIRZAINT",
    "MMFL",
    "MMTC",
    "MOIL",
    "MORARJEE",
    "MOREPENLAB",
    "MOTHERSON",
    "MOTILALOFS",
    "MPHASIS",
    "MPSLTD",
    "MRF",
    "MRPL",
    "MSPL",
    "MTNL",
    "MUKANDLTD",
    "MUKTAARTS",
    "MUNJALAU",
    "MUNJALSHOW",
    "MUTHOOTFIN",
    "NAGAFERT",
    "NAGREEKCAP",
    "NAGREEKEXP",
    "NAHARCAP",
    "NAHARINDUS",
    "NAHARPOLY",
    "NAHARSPING",
    "NATCOPHARM",
    "NATIONALUM",
    "NAVINFLUOR",
    "NAVNETEDUL",
    "NCC",
    "NCLIND",
    "NDLVENTURE",
    "NDTV",
    "NECLIFE",
    "NELCAST",
    "NELCO",
    "NESCO",
    "NESTLEIND",
    "NETWORK18",
    "NEULANDLAB",
    "NFL",
    "NHPC",
    "NIITLTD",
    "NILKAMAL",
    "NIPPOBATRY",
    "NITCO",
    "NITINSPIN",
    "NKIND",
    "NLCINDIA",
    "NMDC",
    "NOCIL",
    "NOIDATOLL",
    "NORBTEAEXP",
    "NRBBEARING",
    "NSIL",
    "NTPC",
    "NUCLEUS",
    "OBEROIRLTY",
    "OFSS",
    "OIL",
    "OILCOUNTUB",
    "OMAXAUTO",
    "OMAXE",
    "OMKARCHEM",
    "ONGC",
    "ONMOBILE",
    "ORIENTBELL",
    "ORIENTCER",
    "ORIENTHOT",
    "ORIENTLTD",
    "ORIENTPPR",
    "ORISSAMINE",
    "ORTINGLOBE",
    "PAGEIND",
    "PAISALO",
    "PANACEABIO",
    "PARSVNATH",
    "PATELENG",
    "PATINTLOG",
    "PCBL",
    "PENIND",
    "PENINLAND",
    "PETRONET",
    "PFC",
    "PFIZER",
    "PFOCUS",
    "PFS",
    "PGHH",
    "PGHL",
    "PGIL",
    "PHOENIXLTD",
    "PIDILITIND",
    "PIONEEREMB",
    "PITTIENG",
    "PLASTIBLEN",
    "PNB",
    "PNBGILTS",
    "PNC",
    "POLYPLEX",
    "PONNIERODE",
    "POONAWALLA",
    "POWERGRID",
    "PPAP",
    "PRAENG",
    "PRAJIND",
    "PRAKASH",
    "PRAKASHSTL",
    "PRECWIRE",
    "PRESTIGE",
    "PRIMESECU",
    "PRSMJOHNSN",
    "PSB",
    "PTC",
    "PTL",
    "PUNJABCHEM",
    "PURVA",
    "PVRINOX",
    "RADAAN",
    "RADICO",
    "RAIN",
    "RAJESHEXPO",
    "RAJSREESUG",
    "RAJTV",
    "RALLIS",
    "RAMANEWS",
    "RAMCOCEM",
    "RAMCOIND",
    "RAMCOSYS",
    "RAMKY",
    "RANASUG",
    "RANEHOLDIN",
    "RATNAMANI",
    "RAYMOND",
    "RCF",
    "RECLTD",
    "REDINGTON",
    "RELIANCE",
    "RELIGARE",
    "RELINFRA",
    "RENUKA",
    "REPRO",
    "RESPONIND",
    "RGL",
    "RICOAUTO",
    "RIIL",
    "RKDL",
    "RKFORGE",
    "RML",
    "ROHLTD",
    "RPGLIFE",
    "RPOWER",
    "RPPINFRA",
    "RSSOFTWARE",
    "RSWM",
    "RSYSTEMS",
    "RTNPOWER",
    "RUBYMILLS",
    "RUCHIRA",
    "SADBHAV",
    "SAGCEM",
    "SAIL",
    "SAKHTISUG",
    "SAKSOFT",
    "SAKUMA",
    "SANDESH",
    "SANGAMIND",
    "SANGHIIND",
    "SANOFI",
    "SARDAEN",
    "SAREGAMA",
    "SARLAPOLY",
    "SASKEN",
    "SASTASUNDR",
    "SBIN",
    "SCHAEFFLER",
    "SCI",
    "SEAMECLTD",
    "SEMAC",
    "SEPC",
    "SESHAPAPER",
    "SGL",
    "SHAH",
    "SHALPAINTS",
    "SHANTIGEAR",
    "SHILPAMED",
    "SHIVAMAUTO",
    "SHOPERSTOP",
    "SHREECEM",
    "SHREERAMA",
    "SHREYANIND",
    "SHYAMTEL",
    "SIEMENS",
    "SIGMAADV",
    "SILINV",
    "SIMBHALS",
    "SIMPLEXINF",
    "SIYSIL",
    "SJVN",
    "SKFINDIA",
    "SMARTLINK",
    "SMLMAH",
    "SMSPHARMA",
    "SOBHA",
    "SOLARINDS",
    "SOMANYCERA",
    "SONATSOFTW",
    "SOTL",
    "SOUTHBANK",
    "SPARC",
    "SPIC",
    "SPLIL",
    "SRF",
    "SRHHYPOLTD",
    "SSWL",
    "STAR",
    "STARPAPER",
    "STCINDIA",
    "STEL",
    "STERTOOLS",
    "STLTECH",
    "STYRENIX",
    "SUBEXLTD",
    "SUBROS",
    "SUDARCOLOR",
    "SUDARSCHEM",
    "SUMMITSEC",
    "SUNDARAM",
    "SUNDARMFIN",
    "SUNDRMBRAK",
    "SUNDRMFAST",
    "SUNDROP",
    "SUNFLAG",
    "SUNPHARMA",
    "SUNTECK",
    "SUNTV",
    "SUPERSPIN",
    "SUPRAJIT",
    "SUPREMEIND",
    "SUPREMEINF",
    "SURANASOL",
    "SURANAT&P",
    "SURYALAXMI",
    "SURYAROSNI",
    "SURYODAY",
    "SUTLEJTEX",
    "SUVEN",
    "SUZLON",
    "SWARAJENG",
    "SWELECTES",
    "TAINWALCHM",
    "TAJGVK",
    "TAKE",
    "TALBROAUTO",
    "TANLA",
    "TARIL",
    "TATACHEM",
    "TATACOMM",
    "TATACONSUM",
    "TATAELXSI",
    "TATAPOWER",
    "TATASTEEL",
    "TCI",
    "TCS",
    "TECHM",
    "TEXINFRA",
    "TEXRAIL",
    "TFL",
    "TGBHOTELS",
    "THANGAMAYL",
    "THEMISMED",
    "THERMAX",
    "THOMASCOOK",
    "TI",
    "TIIL",
    "TIL",
    "TIMETECHNO",
    "TIMKEN",
    "TIPSMUSIC",
    "TIRUMALCHM",
    "TITAGARH",
    "TITAN",
    "TMPV",
    "TNPETRO",
    "TNPL",
    "TOKYOPLAST",
    "TORNTPHARM",
    "TORNTPOWER",
    "TPHQ",
    "TRANSWORLD",
    "TRENT",
    "TRF",
    "TRIDENT",
    "TRIGYN",
    "TRIVENI",
    "TTKHLTCARE",
    "TTKPRESTIG",
    "TTML",
    "TVSELECT",
    "TVSHLTD",
    "TVSMOTOR",
    "TVSSRICHAK",
    "TVTODAY",
    "UBL",
    "UCAL",
    "UCOBANK",
    "UFLEX",
    "UGARSUGAR",
    "ULTRACEMCO",
    "UMESLTD",
    "UMIYA-MRO",
    "UNICHEMLAB",
    "UNIENTER",
    "UNIONBANK",
    "UNITDSPR",
    "UNITECH",
    "UNITEDTEA",
    "UNIVCABLES",
    "UNOMINDA",
    "UPL",
    "USHAMART",
    "UTTAMSUGAR",
    "V2RETAIL",
    "VAKRANGEE",
    "VARDHACRLC",
    "VASCONEQ",
    "VEDL",
    "VEEDOL",
    "VENKEYS",
    "VENUSREM",
    "VGUARD",
    "VHL",
    "VIMTALABS",
    "VINATIORGA",
    "VINDHYATEL",
    "VINEETLAB",
    "VINYLINDIA",
    "VIPCLOTHNG",
    "VIPIND",
    "VIPULLTD",
    "VISAKAIND",
    "VLSFINANCE",
    "VOLTAMP",
    "VOLTAS",
    "VSTIND",
    "VTL",
    "WABAG",
    "WALCHANNAG",
    "WEIZMANIND",
    "WELCORP",
    "WELENT",
    "WELINV",
    "WELSPUNLIV",
    "WENDT",
    "WEWIN",
    "WHEELS",
    "WHIRLPOOL",
    "WILLAMAGOR",
    "WINDMACHIN",
    "WINSOME",
    "WIPRO",
    "WOCKPHARMA",
    "WSI",
    "WSTCSTPAPR",
    "XCHANGING",
    "XPROINDIA",
    "YESBANK",
    "ZEEL",
    "ZEELEARN",
    "ZEEMEDIA",
    "ZENITHEXPO",
    "ZENITHSTL",
    "ZENSARTECH",
    "ZFCVINDIA",
    "ZODIACLOTH",
    "ZOTA",
    "ZUARIIND",
    "ZYDUSLIFE"
  ],
  "selected_stocks": [
    "MANINDS",
    "IFBAGRO",
    "BALKRISIND",
    "ASTRAZEN",
    "BRITANNIA",
    "DPSCLTD",
    "20MICRONS",
    "EICHERMOT",
    "GRAVITA",
    "HINDUNILVR",
    "TOKYOPLAST",
    "AJANTPHARM",
    "SHREECEM",
    "VSTIND",
    "ARE&M"
  ],
  "selected_indices": [
    485,
    341,
    87,
    67,
    129,
    196,
    0,
    205,
    283,
    323,
    785,
    26,
    688,
    844,
    51
  ],
  "matrices": {
    "covariance_selected": [
      [
        0.2175791770915355,
        -0.0016034163378073503,
        -0.002007046749574511,
        -0.0004320355598719243,
        0.005883439807341198,
        0.012133381732995944,
        0.008042146429048217,
        -0.0006356811183545742,
        0.00044122949644628297,
        0.006112183141482455,
        0.024552044798083757,
        0.013385854490113033,
        0.0016937588054038062,
        0.010724031924885382,
        0.01353362684449847
      ],
      [
        -0.0016034163378073503,
        0.40452148614360395,
        0.014022570072112375,
        0.01284469870727962,
        0.01759119185548937,
        0.01040742627499851,
        0.027472524757583317,
        0.02213877524951835,
        0.018660126429317796,
        0.0006965963889030872,
        0.012587025284796384,
        0.019199721393319547,
        0.006844466785957565,
        0.01246613419710701,
        0.006248624824303392
      ],
      [
        -0.002007046749574511,
        0.014022570072112375,
        0.1213998221013123,
        -0.0010071698614835284,
        0.006451381043591876,
        0.007375860974449823,
        -0.0001431119729459679,
        0.007660406642423751,
        0.0044224312763356975,
        0.00015960250969689041,
        -0.0041367424643325035,
        0.0056551938423648855,
        0.008599774979453191,
        0.007483248111318963,
        0.010408712699599995
      ],
      [
        -0.0004320355598719243,
        0.01284469870727962,
        -0.0010071698614835284,
        0.11216076875083686,
        0.009163140496701024,
        0.007117201950594201,
        0.006997776216739329,
        0.004737255418420023,
        0.01886231781326246,
        -0.0017508169509825742,
        0.00805522978186442,
        0.013078659441374534,
        -0.0067074485659619565,
        0.010091690666498017,
        0.005289110605876163
      ],
      [
        0.005883439807341198,
        0.01759119185548937,
        0.006451381043591876,
        0.009163140496701024,
        0.04944739204068399,
        0.004439991009554959,
        0.00669147197056749,
        0.004767493835104676,
        0.0006121201156717687,
        0.008186360320618567,
        -0.010319188031633298,
        0.010551193648773782,
        0.0021884290834104578,
        0.008846678366926044,
        0.011130064461131984
      ],
      [
        0.012133381732995944,
        0.01040742627499851,
        0.007375860974449823,
        0.007117201950594201,
        0.004439991009554959,
        0.2538909377755775,
        0.005257907894428901,
        0.0061427954927221196,
        -0.0021695186944780047,
        0.015425777346856313,
        -0.00048639794583869666,
        0.018940689744572997,
        0.006980559744133893,
        0.016650532330740254,
        0.0012500825182430691
      ],
      [
        0.008042146429048217,
        0.027472524757583317,
        -0.0001431119729459679,
        0.006997776216739329,
        0.00669147197056749,
        0.005257907894428901,
        0.21167484549089668,
        0.00022171941163800842,
        0.012175129944225128,
        0.004680202910087099,
        0.024851426850311,
        0.019307227456956556,
        -0.00167185064468395,
        0.00766554623814455,
        -0.0020915999590899975
      ],
      [
        -0.0006356811183545742,
        0.02213877524951835,
        0.007660406642423751,
        0.004737255418420023,
        0.004767493835104676,
        0.0061427954927221196,
        0.00022171941163800842,
        0.07849077408662646,
        0.008931442095478017,
        0.005843590672056194,
        0.010237619254887297,
        0.01296757745377707,
        0.014131686591838968,
        0.008978379524358432,
        0.012199779416022601
      ],
      [
        0.00044122949644628297,
        0.018660126429317796,
        0.0044224312763356975,
        0.01886231781326246,
        0.0006121201156717687,
        -0.0021695186944780047,
        0.012175129944225128,
        0.008931442095478017,
        0.38653642192958704,
        -0.005156106404446425,
        0.012450230700306727,
        0.013181910020799516,
        0.007573865814287666,
        0.009302702943235226,
        0.0020896521551051674
      ],
      [
        0.006112183141482455,
        0.0006965963889030872,
        0.00015960250969689041,
        -0.0017508169509825742,
        0.008186360320618567,
        0.015425777346856313,
        0.004680202910087099,
        0.005843590672056194,
        -0.005156106404446425,
        0.059075799873711345,
        -0.0019575257897761064,
        0.002104529903315153,
        0.0030095738953600654,
        0.006705398001850539,
        0.0029908821217952256
      ],
      [
        0.024552044798083757,
        0.012587025284796384,
        -0.0041367424643325035,
        0.00805522978186442,
        -0.010319188031633298,
        -0.00048639794583869666,
        0.024851426850311,
        0.010237619254887297,
        0.012450230700306727,
        -0.0019575257897761064,
        0.4212740021444972,
        0.005615337357287928,
        0.011174115481472728,
        0.004049973720208727,
        -0.008098685516376446
      ],
      [
        0.013385854490113033,
        0.019199721393319547,
        0.0056551938423648855,
        0.013078659441374534,
        0.010551193648773782,
        0.018940689744572997,
        0.019307227456956556,
        0.01296757745377707,
        0.013181910020799516,
        0.002104529903315153,
        0.005615337357287928,
        0.12318219895490452,
        0.006061445518582232,
        0.01565024750957227,
        0.006269700401050152
      ],
      [
        0.0016937588054038062,
        0.006844466785957565,
        0.008599774979453191,
        -0.0067074485659619565,
        0.0021884290834104578,
        0.006980559744133893,
        -0.00167185064468395,
        0.014131686591838968,
        0.007573865814287666,
        0.0030095738953600654,
        0.011174115481472728,
        0.006061445518582232,
        0.0722574738716065,
        0.010769763630328904,
        0.009410793800830061
      ],
      [
        0.010724031924885382,
        0.01246613419710701,
        0.007483248111318963,
        0.010091690666498017,
        0.008846678366926044,
        0.016650532330740254,
        0.00766554623814455,
        0.008978379524358432,
        0.009302702943235226,
        0.006705398001850539,
        0.004049973720208727,
        0.01565024750957227,
        0.010769763630328904,
        0.16230659903056616,
        0.007865290109040664
      ],
      [
        0.01353362684449847,
        0.006248624824303392,
        0.010408712699599995,
        0.005289110605876163,
        0.011130064461131984,
        0.0012500825182430691,
        -0.0020915999590899975,
        0.012199779416022601,
        0.0020896521551051674,
        0.0029908821217952256,
        -0.008098685516376446,
        0.006269700401050152,
        0.009410793800830061,
        0.007865290109040664,
        0.09529325139267861
      ]
    ],
    "qubo_selected": [
      [
        -18424.862766410482,
        0.01530330848797028,
        0.018021761596195146,
        0.012018994065220761,
        0.009802445004167616,
        -0.0012643814732578463,
        -0.00017132999689017253,
        0.0050863119597774785,
        0.027753800357440715,
        -0.031320330461161304,
        0.0047534788895044365,
        0.010768014387002997,
        -0.007501294155540167,
        0.02128438695714062,
        0.009341182146131135
      ],
      [
        0.01530330848797028,
        -18425.40841805613,
        0.021090825968193623,
        0.012539400802100304,
        0.011310387684729771,
        0.014683676771678755,
        0.026363820041599033,
        0.004209059806630306,
        0.03839944278663909,
        0.026771708980226065,
        0.016256275839341312,
        0.03456316030596963,
        0.011230674714575856,
        0.03130049501914454,
        0.06461568026854939
      ],
      [
        0.018021761596195146,
        0.021090825968193623,
        -18424.98942198265,
        0.02068953945221243,
        0.005661348146298889,
        -0.0076687907554063815,
        0.01851378904222051,
        -0.0027779436935574738,
        0.016753653574842275,
        -0.023548753333330997,
        0.0005867973259132822,
        0.03779229140807432,
        -0.010507407732933504,
        0.026713023260240824,
        -0.0009743249511686201
      ],
      [
        0.012018994065220761,
        0.012539400802100304,
        0.02068953945221243,
        -18425.113802357195,
        0.02081742539919999,
        -0.006623132052373881,
        0.004179304310210335,
        0.005981764243590451,
        0.012497249648606785,
        0.02706725368899694,
        0.00020723869939794166,
        0.00493862164519528,
        -0.016197371032752893,
        0.015730580218081328,
        0.02598779878155801
      ],
      [
        0.009802445004167616,
        0.011310387684729771,
        0.005661348146298889,
        0.02081742539919999,
        -18425.194808843607,
        0.007024756559498993,
        0.008844862552671395,
        0.00031920501939378083,
        0.02804514014422475,
        -0.004014093499149022,
        -0.005002990753668861,
        0.025852251832476882,
        -0.008273484928665007,
        0.014966496222637926,
        0.04395034592031536
      ],
      [
        -0.0012643814732578463,
        0.014683676771678755,
        -0.0076687907554063815,
        -0.006623132052373881,
        0.007024756559498993,
        -18424.816177930985,
        0.028654060559940565,
        -0.0074211391702748404,
        -0.010954986119543278,
        -0.019184144684429267,
        -0.0018516417068749746,
        -0.011127628360227544,
        -0.021065879079023613,
        0.009388305873178267,
        0.0226576259953188
      ],
      [
        -0.00017132999689017253,
        0.026363820041599033,
        0.01851378904222051,
        0.004179304310210335,
        0.008844862552671395,
        0.028654060559940565,
        -18425.399675018223,
        -0.01031221280889285,
        0.03732025285863559,
        0.0008824589928925659,
        -0.010770106839894534,
        0.0666939268356729,
        0.024900461400613454,
        0.01860540588647045,
        0.07059584462044781
      ],
      [
        0.0050863119597774785,
        0.004209059806630306,
        -0.0027779436935574738,
        0.005981764243590451,
        0.00031920501939378083,
        -0.0074211391702748404,
        -0.01031221280889285,
        -18424.957672977667,
        0.0013931927778061744,
        0.01222436628296491,
        0.005157575684941296,
        0.003246991811873346,
        -0.003915051579552213,
        0.013410796003701079,
        0.020149678432425988
      ],
      [
        0.027753800357440715,
        0.03839944278663909,
        0.016753653574842275,
        0.012497249648606785,
        0.02804514014422475,
        -0.010954986119543278,
        0.03732025285863559,
        0.0013931927778061744,
        -18425.5027398883,
        -0.0032068326756147006,
        0.011230262797532302,
        0.042326332609058624,
        0.02517405056959277,
        0.02493226839421402,
        0.022846893172268335
      ],
      [
        -0.031320330461161304,
        0.026771708980226065,
        -0.023548753333330997,
        0.02706725368899694,
        -0.004014093499149022,
        -0.019184144684429267,
        0.0008824589928925659,
        0.01222436628296491,
        -0.0032068326756147006,
        -18425.200099526388,
        -0.0011724594181797075,
        0.03205029083919014,
        0.049104089596167515,
        0.021448063849770764,
        -0.037467170428105045
      ],
      [
        0.0047534788895044365,
        0.016256275839341312,
        0.0005867973259132822,
        0.00020723869939794166,
        -0.005002990753668861,
        -0.0018516417068749746,
        -0.010770106839894534,
        0.005157575684941296,
        0.011230262797532302,
        -0.0011724594181797075,
        -18424.79355475055,
        0.0014416620380794574,
        -0.01538746959497818,
        -0.00910588877951976,
        0.004699212997400715
      ],
      [
        0.010768014387002997,
        0.03456316030596963,
        0.03779229140807432,
        0.00493862164519528,
        0.025852251832476882,
        -0.011127628360227544,
        0.0666939268356729,
        0.003246991811873346,
        0.042326332609058624,
        0.03205029083919014,
        0.0014416620380794574,
        -18425.32004645068,
        0.020889593854107342,
        0.025383415921482022,
        0.049880792036626743
      ],
      [
        -0.007501294155540167,
        0.011230674714575856,
        -0.010507407732933504,
        -0.016197371032752893,
        -0.008273484928665007,
        -0.021065879079023613,
        0.024900461400613454,
        -0.003915051579552213,
        0.02517405056959277,
        0.049104089596167515,
        -0.01538746959497818,
        0.020889593854107342,
        -18425.124623347117,
        0.008099947440417454,
        0.0051361646565479735
      ],
      [
        0.02128438695714062,
        0.03130049501914454,
        0.026713023260240824,
        0.015730580218081328,
        0.014966496222637926,
        0.009388305873178267,
        0.01860540588647045,
        0.013410796003701079,
        0.02493226839421402,
        0.021448063849770764,
        -0.00910588877951976,
        0.025383415921482022,
        0.008099947440417454,
        -18425.279145867687,
        0.03902875500521371
      ],
      [
        0.009341182146131135,
        0.06461568026854939,
        -0.0009743249511686201,
        0.02598779878155801,
        0.04395034592031536,
        0.0226576259953188,
        0.07059584462044781,
        0.020149678432425988,
        0.022846893172268335,
        -0.037467170428105045,
        0.004699212997400715,
        0.049880792036626743,
        0.0051361646565479735,
        0.03902875500521371,
        -18425.48009834656
      ]
    ]
  }
}