,TVSMOTOR,CUMMINSIND,ADANIPOWER,BHARTIARTL,FORTIS,PERSISTENT,TORNTPHARM,MAXHEALTH,OIL,ABB,SUNPHARMA,NTPC,M&M,TRENT,BHEL,PRESTIGE,JINDALSTEL,TITAN,SBIN,TATAPOWER,ASHOKLEY,VEDL,EICHERMOT,NMDC,LT,JSWSTEEL,BAJAJ-AUTO,IOC,CHOLAFIN,HINDALCO,APOLLOHOSP,POWERGRID,TATASTEEL,INDIGO,OBEROIRLTY,ESCORTS,ONGC,ICICIBANK,HINDPETRO,SBILIFE,LUPIN,BOSCHLTD,ALKEM,GRASIM,ADANIENT,MARICO,SAIL,MARUTI,COFORGE,ADANIPORTS,HINDZINC,DLF,DIVISLAB,BAJAJFINSV,BRITANNIA,TATACONSUM,ULTRACEMCO,SIEMENS,HEROMOTOCO,AXISBANK,CIPLA,PIDILITIND,BAJFINANCE,AMBUJACEM,HDFCAMC,GODREJCP,AUROPHARMA,BPCL,ITC,DRREDDY,MOTHERSON,NESTLEIND,VOLTAS,MPHASIS,HCLTECH,PIIND,TECHM,RELIANCE,GODREJPROP,DMART,ICICIGI,HAVELLS,LTTS,COLPAL,ADANIGREEN,PAGEIND,CONCOR,BIOCON,UPL,WESTLIFE,RAMCOCEM,INDUSINDBK,HDFCBANK,WIPRO,KOTAKBANK,JUBLFOOD,INFY,HDFCLIFE,ASIANPAINT,HINDUNILVR
TVSMOTOR,0.0770388164521121,0.022833256398440124,0.03480239381364333,0.014972982353086665,0.015381495341369759,0.01487658585879001,0.011007063235706174,0.016660365614286056,0.015083559111667626,0.022607053830336753,0.01322944063198618,0.016404705350408548,0.03458651313293407,0.028682487427623582,0.03638848509564769,0.02947529331517121,0.027308563234513156,0.023646415834132524,0.021693247764474927,0.030954164165907704,0.03750516779401656,0.023433149799996784,0.033796926907501586,0.019085746152160174,0.02096665581511114,0.02173833469799306,0.03108707748870232,0.02351592872623047,0.031909592623318966,0.020257949038927154,0.015407503489203745,0.0163558029721854,0.02472520150020315,0.02619330501088936,0.03227368470447362,0.022705875609959073,0.015564460559435259,0.016777841767046813,0.023498278464671545,0.01709233443388679,0.013191377939011364,0.027310308554579076,0.010259745881356206,0.022847754656042392,0.03542797585925243,0.011870558514249905,0.03162287621683183,0.028347071203494025,0.016731588426471253,0.03210248327327797,0.014315633267333093,0.036817565633065145,0.013126962118373206,0.023653750905607302,0.009115916143646475,0.017108012989545403,0.022549083622155724,0.02955895967340089,0.03486699734414456,0.02098878160265285,0.0082726402983155,0.017276259266428264,0.025318750766796596,0.025145887598384414,0.021835605979936185,0.015117632857923733,0.015800933352159333,0.0204695676597126,0.012185742967517826,0.008053090370683698,0.030783066056123066,0.012122209350758714,0.022755429673283104,0.017519262236496386,0.007273610353273914,0.018525875917765375,0.01152488130952759,0.0183983902131491,0.03442601365731888,0.016972387307754955,0.013820704967996839,0.020658982921620175,0.01492858811278806,0.012430730808946178,0.02907843643090502,0.020355580044298903,0.02683553354198199,0.02092534073864365,0.021236461035564307,0.019223467075875026,0.021279099208135976,0.025911652816257243,0.013779617358391694,0.0117571796245559,0.017352691847481807,0.023187768429748214,0.007550644571554401,0.016438999657791012,0.013884929355413547,0.010622794710389604
CUMMINSIND,0.022833256398440124,0.08535474093253669,0.02846498347323469,0.014955206315655384,0.019909151491660202,0.02087827733828058,0.012382593462788569,0.015644841024876295,0.026188189178586556,0.03905138285304384,0.013608465463618354,0.025738008112563705,0.025694594345345725,0.028757151907836977,0.0481607839018688,0.03689649862354217,0.031229105535173652,0.017482556991678815,0.025030847049506613,0.03638480772946255,0.03602598035426847,0.032366059869158054,0.02146058115632198,0.041019812603116566,0.026685224430706582,0.023336171370754364,0.018637478994564586,0.029741163030346067,0.026543480195559282,0.029916493680456225,0.01644947933318766,0.021994896897983836,0.03139904260296735,0.024174686299282593,0.036324078742080095,0.02394535571696706,0.02563799440080402,0.014009759343619784,0.03316694774989779,0.016502866932314494,0.017502555907472087,0.02223792079091202,0.014459601351240603,0.020792098366169014,0.03751786299861772,0.009987109969485876,0.040538157523773974,0.016570819295337238,0.018548521501696145,0.039813016781666176,0.02419870250363781,0.04226395511580254,0.012967490949781165,0.021105768233973036,0.0073658812189428295,0.01619042636418465,0.0200728754849636,0.04513695656849933,0.01770290268246366,0.01679804983631047,0.009760007150414194,0.012521530226240628,0.020921154545529733,0.028554899567172266,0.032159856564150414,0.015246277068786784,0.020596414692737743,0.03164853797090452,0.01180209198878169,0.010548233601329705,0.03419144702761086,0.00825896221978619,0.02377915067036665,0.02191430720873312,0.01344809327244064,0.02354941962265613,0.017948046882038275,0.022883657700689952,0.041195029581820634,0.014001662435217976,0.01810662619051984,0.022340469433118827,0.023738846120811063,0.010322594274081812,0.03377089686845274,0.015968551453602778,0.03863985513926262,0.021249960547229562,0.024337422380643313,0.013644485441443147,0.019756879355726113,0.02266962686345217,0.014902685293013265,0.01792378479443033,0.01458462187016982,0.020844999817361175,0.0148351627078991,0.016999349733452802,0.011250757594668063,0.005857091288589578
ADANIPOWER,0.03480239381364333,0.02846498347323469,0.27377079243793007,0.025285187244537172,0.03082867980526712,0.023080534098194157,0.013910517652969728,0.02743430990960382,0.030992431970759897,0.03234883678071314,0.015021802589638856,0.04615914343084982,0.033830307470765465,0.03527144099274772,0.07640826157701161,0.03929165032421856,0.05052942516698542,0.019700895273482427,0.037740520174463124,0.07074565458125204,0.044131537695982874,0.05348091758201543,0.03001381571098292,0.053372963459795884,0.03159271688030203,0.03794815077819757,0.027442631907673234,0.04195301019522399,0.039871859178021433,0.04095269313699624,0.01212328509478249,0.03321456243698674,0.0423790777453886,0.03948471704799315,0.04643565439599085,0.0262839754345874,0.03557860310842321,0.022072225485017704,0.042311428968925896,0.01854897506651885,0.016657288343901067,0.026937597361089673,0.009842641031150815,0.02978615334720926,0.12766920347884825,0.013797236484078145,0.06337528643428496,0.027183072884722267,0.027160836768230275,0.10179890096940632,0.036133445751863516,0.05591162588350748,0.019421440191858874,0.0271977905547998,0.010527580974406748,0.02253389989667027,0.02766872107441693,0.03647158276258619,0.027712957147463777,0.02686531258161355,0.0077055951548167965,0.01701427346804254,0.03074427093298521,0.06153231477714836,0.03473911658661447,0.010924544057673269,0.02276309648940598,0.03578514109718648,0.017672435861442782,0.010607677765077398,0.0449412636086011,0.005162506232366529,0.029200898512779887,0.0254487021622811,0.011315295784110738,0.032542396698525496,0.02363005207443492,0.02811383294609352,0.05287034916091735,0.01911277085787453,0.01905407979406428,0.030421779753826116,0.018446092380002648,0.012976561192710883,0.14477670688429123,0.02566823939288705,0.04678087000107978,0.03254458104911179,0.03264316231440055,0.01758254197364876,0.030892029783692276,0.03808261937293686,0.020750029146905363,0.018824057884027367,0.01797182481972095,0.029245580406916372,0.010893107368030197,0.02420955187859299,0.01302686154919172,0.005335012809138562
BHARTIARTL,0.014972982353086665,0.014955206315655384,0.025285187244537172,0.04866497356583795,0.009536325366026433,0.017801935446446177,0.007551914624462028,0.012235024295435422,0.00779569294950106,0.013037716195422915,0.010884549795006736,0.013540529924718873,0.017640993052708064,0.016752773349112907,0.021526903136052232,0.01577172491137015,0.019841237850870212,0.014003554833136103,0.015352360732287082,0.020384061364589038,0.018398729982992156,0.021419425300208447,0.017364163248141478,0.02091906947359983,0.015535755510264357,0.019220858836801427,0.013945937679071811,0.013276256183570378,0.015761353266649365,0.02099310822052043,0.011681634660404738,0.011881809623566317,0.019461444190594538,0.014686342873122194,0.01676501662548503,0.011568623287707322,0.016147383504947897,0.014861662759877145,0.013706704601569461,0.013812307549434534,0.010571562494344516,0.01201448731098327,0.006910132916197137,0.016568538781488874,0.02581811521842981,0.008703120054979769,0.02407627908413895,0.015150643070277853,0.016963986693194266,0.02497999724449417,0.009475952304272138,0.02370868180272601,0.009712551642010065,0.015966502548735363,0.006970835937687796,0.013919207874491989,0.013801206710486909,0.016366008310462747,0.013164131617828295,0.01346892725928263,0.006574535670941542,0.007325043916615102,0.016913648908031247,0.016169326700270454,0.015077852095619465,0.010346166204244287,0.01185281895568453,0.014412562015150635,0.01041703940171425,0.007237674443579364,0.01965018616448592,0.006962966354813364,0.01081367508169586,0.015051845430253574,0.014682608336854532,0.011391732187529906,0.01523822148816285,0.015905832684900912,0.022878495481003337,0.010189469755416186,0.011864148634343307,0.013543311732795282,0.015748584914261485,0.005112102953779732,0.02180047790710219,0.010060836265007237,0.014453712985417007,0.013237313228425739,0.01671272645969851,0.0072105257338039245,0.013431981841790794,0.017483903361626817,0.012494743585112218,0.01424350436862416,0.014635157845530182,0.013647372840976144,0.013294547887345586,0.012981484646552778,0.009875299648574441,0.007616060319698627
FORTIS,0.015381495341369759,0.019909151491660202,0.03082867980526712,0.009536325366026433,0.10080486545318273,0.021010560913854316,0.00937079047496504,0.02458962269645546,0.01937584379661838,0.016463019333913267,0.013975422274222722,0.016987612901185223,0.018499784551604108,0.013857073980650772,0.03148346277600801,0.020916844029108008,0.02801671618125979,0.011642468126471954,0.013532657627984165,0.026283708969468304,0.021748394724190212,0.026746754621732063,0.015137676711185806,0.03265292789681324,0.015005654655111587,0.01950469006791559,0.009901378118990884,0.02197262360301208,0.01838342357620913,0.02353017362110939,0.024498836848025844,0.014493049932130176,0.025510105499581503,0.018311203456418776,0.026201198472129875,0.015729100625369356,0.01765264035967872,0.008576286908809792,0.023542599217144668,0.012362820185498743,0.016887264861527182,0.016928817451723643,0.012184709410153798,0.015509671256884594,0.0345760688408177,0.007147356202428678,0.03279057647650241,0.009057364173867578,0.022254163359113482,0.026924647879773375,0.02223119501236939,0.029497397556435545,0.01634362089813713,0.017470069165741745,0.007777620420896257,0.011428311261136371,0.014921503106894253,0.02228673760045846,0.014257981427953483,0.010444860660591965,0.006639836384865173,0.008423509653655471,0.017351245873958497,0.023004588030668207,0.019666863052693297,0.010343956974789075,0.018705012435122677,0.019218860598115693,0.005294627393959219,0.010020637189768936,0.023858441537131778,0.007834272595413694,0.013887101895778846,0.023084410539310055,0.012565522232597739,0.015938285086628045,0.015649477023650802,0.012237689387456025,0.03160389632155732,0.010352704015027749,0.012902141566681196,0.013592837993144613,0.02199856951250001,0.006105917277970427,0.025869768300706003,0.011075134330571477,0.017508819737284482,0.020617457846044917,0.02008768107929574,0.009352927429615349,0.015580908271496361,0.016726663644508706,0.009880581347717453,0.014881609033302257,0.011382172779619091,0.017468059926015335,0.010374356453909755,0.01369698589400969,0.00511209532401935,0.00450937577057606
PERSISTENT,0.01487658585879001,0.02087827733828058,0.023080534098194157,0.017801935446446177,0.021010560913854316,0.1211801376415534,0.014713017990593387,0.017789570945308465,0.022300248289223834,0.017440640782429136,0.016822622789752457,0.01893116254591721,0.020046476166434984,0.029446365249031534,0.0351215526948543,0.027120272232114374,0.03205945986063191,0.017681803189588275,0.01853762848484609,0.02971894492607388,0.021371141284541813,0.037098549499797906,0.01334038825610234,0.03171663198584148,0.022225208222094103,0.02646948075862843,0.014095646220249955,0.01639932175572514,0.024441579468158788,0.03356643552359202,0.023229504422107163,0.014684062673764998,0.031201401144422772,0.024140101579095238,0.03139880965770223,0.015743967437763722,0.01977373076547652,0.0162241741741157,0.015356573058117124,0.017460967247181106,0.02050807053092186,0.021856621370286235,0.013944424342262023,0.021321457070322316,0.03287242459711398,0.012775904434254996,0.04066943230739857,0.012212975178555427,0.08052549524202414,0.03007152554157075,0.012632858815812255,0.03698783903729659,0.021405025092563083,0.022735077020721414,0.009753721606634473,0.018713682222732782,0.01986154088526219,0.02213747835932535,0.017718734391802056,0.015236178835413602,0.011542381093416813,0.013796677757267652,0.024028375509241657,0.019674042069581225,0.028448121963737905,0.008037025533358725,0.023787486716452085,0.017501105071424154,0.013290293518663333,0.013916229201166076,0.031657095266260316,0.010389640957406101,0.022838227267026744,0.06749960541039775,0.044592188503841244,0.02239860471208178,0.049710981072213375,0.018310147695001736,0.04088814893884652,0.016459207288926893,0.015506446144443626,0.019677599314057412,0.05717666309987251,0.011527327967990735,0.018610880990126366,0.018307260647044018,0.019891713426705687,0.020509467441834975,0.02971985277464591,0.013896812262847159,0.0206623093332723,0.020063784199947008,0.014622204989561077,0.04459802098226435,0.015002549901610393,0.029662904191164536,0.04588453958764323,0.014129818919098064,0.013967573241339161,0.008981448457669025
TORNTPHARM,0.011007063235706174,0.012382593462788569,0.013910517652969728,0.007551914624462028,0.00937079047496504,0.014713017990593387,0.0548036247245129,0.014169274340351869,0.008066989028970982,0.012141751885441495,0.015597456879472445,0.009476031521585264,0.011852332324942844,0.01302776545443553,0.019474164238997886,0.012568542195226061,0.016645415204445974,0.010438878796413696,0.006717444868454725,0.014403936156711776,0.015152902400901605,0.015247931364005896,0.010809912921190738,0.023178530930246327,0.009444705305930945,0.014513849022300466,0.010282812208461068,0.011474551302087127,0.011551148239392772,0.01429735010999715,0.01732961321896072,0.01033020772058608,0.01592032330856963,0.017484766730842833,0.015784418442971695,0.010207801994828155,0.007872358511685851,0.008770452102902735,0.012021152952486139,0.008126839453337026,0.024486067691343982,0.012296777425355142,0.015356732828573158,0.012514374389450442,0.018038827420225157,0.00918851231730537,0.019358259184848542,0.005577875254099859,0.013465457381833695,0.015074527531330465,0.00973102094112671,0.01953061450082152,0.017825906680194195,0.00974227085388722,0.00854263653221236,0.010883776135276498,0.011241903875672787,0.014378888921733357,0.013053226208313963,0.008169675927039096,0.013999580854964161,0.010362568620382963,0.009260553818607915,0.012679816724682016,0.014933552154483313,0.011151895069838874,0.020610873601293073,0.011626680393151345,0.007181879901097384,0.014217880703850801,0.01508165251640737,0.007590446836136791,0.014037967460916774,0.01369342831642302,0.00885286740530248,0.015517759013606535,0.0096446532162357,0.008189562050721964,0.01792575694069089,0.00682157023505299,0.008822110229864068,0.013163291697061374,0.01082812697515697,0.01064831457352819,0.018006922948719195,0.009524354794323835,0.014102702088634348,0.01870655822717533,0.011182248057316475,0.0056855111722208095,0.01214181741274555,0.008825266076681392,0.008087680683352062,0.011077073095191133,0.0073083445065018566,0.017446386601668144,0.007820533834736397,0.010731966348126074,0.006426817567324996,0.007421050734792586
MAXHEALTH,0.016660365614286056,0.015644841024876295,0.02743430990960382,0.012235024295435422,0.02458962269645546,0.017789570945308465,0.014169274340351869,0.12613999263843548,0.011789052401504298,0.014175145769315022,0.015168444390416931,0.011496078178727186,0.019604602188685444,0.02137999911240216,0.017370200098993312,0.02219355369070008,0.017180642593292418,0.01198355957390893,0.006323733705240231,0.018317179202232615,0.018712599849699314,0.015134432614150258,0.01648850847366168,0.01384146780184207,0.008707902706702884,0.014552053780184234,0.011602642538304878,0.013688908547133463,0.01423199669039139,0.011426858810805345,0.028134693666796915,0.008110260372165582,0.01456662610541809,0.016572333312765013,0.021963729494447533,0.013494677551300351,0.006892310488026536,0.009706270677512764,0.012567733093804982,0.009039699595411227,0.012471400606547537,0.01367662684554497,0.010492048232536464,0.00961434985075638,0.023657447529524787,0.008989172669790251,0.016194656477641553,0.011424719539152466,0.016841304836708697,0.019102079751577683,0.012135741941050293,0.025929980992636294,0.018499770032307638,0.01267717862975287,0.007010427433159501,0.01105475610409241,0.013762443382819251,0.01772401943100569,0.0120752552266195,0.011614787587390162,0.013370737666630394,0.010302743475565151,0.015270077714424684,0.01763710912273831,0.01931464075521063,0.011586203719408796,0.013060912069181467,0.010958942737467087,0.006604176174243529,0.011454763110044753,0.01634765796695299,0.00813860144857033,0.015481074756471586,0.016237773385602193,0.010770525469983146,0.014018751802535062,0.016953844690965794,0.011025628490322277,0.023878591820675404,0.012183491445969682,0.013348127070898046,0.014818037439095648,0.01911594627852893,0.00843877408467713,0.019071590467310055,0.014096777597141974,0.01838157108762251,0.016771457769989926,0.013642685699516374,0.015505019605939536,0.0137529557647423,0.009174857332017564,0.008725058624972267,0.010984423381536615,0.010882527809791641,0.022806948666020774,0.009874670435628116,0.014382059827150183,0.009884535175084936,0.007893859243169273
OIL,0.015083559111667626,0.026188189178586556,0.030992431970759897,0.00779569294950106,0.01937584379661838,0.022300248289223834,0.008066989028970982,0.011789052401504298,0.16269765862839658,0.026120168672511754,0.008010061291412697,0.03481500475571276,0.01677173565930165,0.02035134876962239,0.052071977808929165,0.02746438877759508,0.03676582028664938,0.009292420880683192,0.025303196482882494,0.03395964987545116,0.023814680713676584,0.048324769486927,0.009889516888886082,0.04911064659188391,0.020041747155681015,0.02594135920125898,0.016277101993043157,0.03963661462972804,0.014058262533103454,0.037458936191044394,0.0064712278358896565,0.023155474069498885,0.03590034300879738,0.012496130292664588,0.024146294715579244,0.010637271913753363,0.0726080468260673,0.011626232519625008,0.032953507036243924,0.011483851155618563,0.012698490052502483,0.02006245324256068,0.012012997596092225,0.011675316028444961,0.034880125485148045,-0.0010700713640571402,0.0499432231257503,0.0094286728044416,0.020617878644413674,0.03087146030972253,0.029648273974028153,0.031034610895979777,0.008508172595425125,0.011108804549239206,-0.0036765442347199088,0.005083032547294163,0.010017792377220289,0.02949893694415375,0.011612765341851806,0.015468022470724024,0.007356926693824275,-6.92059075761811e-05,0.009662291516679508,0.02074827487212622,0.01997279509789345,0.0034351654961869925,0.01958894787741487,0.031876042595328634,0.007167451525898777,0.007399736605639661,0.02664603458655164,-0.001923399160272413,0.016803314687621817,0.026284681419814427,0.015012977568220153,0.017026910897397315,0.01873127118438898,0.0223404636570675,0.028499207508242967,0.005073044645617912,0.007208384279780342,0.015273397285454987,0.02296375295720181,0.004974824100085073,0.027478045682707522,0.010318207541735241,0.031318948407949715,0.023940746697578848,0.02494520661043053,0.010897923443533627,0.0110235458131774,0.021659319257946293,0.008866639033144563,0.01845950050733492,0.007292369635177889,0.0160350154198128,0.012818562122572364,0.013694115552863794,-0.003349185844865423,-0.0060988116594815405
ABB,0.022607053830336753,0.03905138285304384,0.03234883678071314,0.013037716195422915,0.016463019333913267,0.017440640782429136,0.012141751885441495,0.014175145769315022,0.026120168672511754,0.10400986464485543,0.011564961559715193,0.021337468542584368,0.022206516129814575,0.02730700787320771,0.050467055700443755,0.029423464831066056,0.030489131050720483,0.014476513798058003,0.022118558266958976,0.03325723686426166,0.030855211471494524,0.029234987156892964,0.01611647669893039,0.03243915878813814,0.02898350420654362,0.017884324677679808,0.015981292772218353,0.025615933557920103,0.027722324730235604,0.023754260562871696,0.015482609221429742,0.020000094824209953,0.026547312411345114,0.025625535183467173,0.03351014903256228,0.023031483977009645,0.02122922253156669,0.01581064034166998,0.02751378431589015,0.014465649004277055,0.018886401751478592,0.019568581866733385,0.013239877684142917,0.0193495224332613,0.04400866811197344,0.011415567404842413,0.03854711636188041,0.012299960631909928,0.020751268110887032,0.04213951054490828,0.02595830468286864,0.038978538406205826,0.015339423136615007,0.018652674222449935,0.008293163622459711,0.013079506594769549,0.021297156595896,0.05642631894268925,0.018062632938911565,0.016306260044337457,0.010066527879163742,0.013761611200269598,0.0167361175860063,0.03326367404362775,0.029378327998369536,0.014937727016915094,0.01864810030457255,0.02468097698511932,0.011275510935161676,0.007540754929050172,0.0347782687087876,0.0066555964752810426,0.022924363215455185,0.019018150862882503,0.011299560364402963,0.019850804433253662,0.012536006915642956,0.016754431685122854,0.03974849505284107,0.012601989889324488,0.014056931068929489,0.025291171893967245,0.018480050142962265,0.011365899817482586,0.03460624285768424,0.015755923639053912,0.03616910300138006,0.020359708168149207,0.02109528139968961,0.016506266436474962,0.020621758851278194,0.02237489781018224,0.012278479460053313,0.013963271439005677,0.013088424736517574,0.019151446002047264,0.00782862300722621,0.01813644474145526,0.011577264746653255,0.003540550319026643
SUNPHARMA,0.01322944063198618,0.013608465463618354,0.015021802589638856,0.010884549795006736,0.013975422274222722,0.016822622789752457,0.015597456879472445,0.015168444390416931,0.008010061291412697,0.011564961559715193,0.042473083466511796,0.01281728460438888,0.015041821085037821,0.0157550145936726,0.02184330798897346,0.01029202140622403,0.018027676208459784,0.013182238075462831,0.009164505400677576,0.018957272432703436,0.015550979329915733,0.016578687137953522,0.010825712615384307,0.022570911676996663,0.012763121018819889,0.014702641786614314,0.011400383743705705,0.01418670002895716,0.010332471957113377,0.01967878020751481,0.013935540576644331,0.011151876798930024,0.01871655372326471,0.011976999663900551,0.014589042840205152,0.010116911267427666,0.0103380592109,0.009312187158729944,0.012418673382648071,0.009636357185547291,0.025953318697879982,0.01138523809739312,0.016523976519845707,0.013173912772918631,0.021452978787413736,0.008932219350821134,0.020151648512583414,0.008890631014659398,0.013531625678593083,0.01936034682419325,0.009103518078033744,0.020763829321179237,0.018273830857503486,0.012349262860461677,0.007042947042142392,0.011384433424657345,0.011245224651028283,0.015610918584907782,0.012218604002498005,0.0070423060656149075,0.018606279984633895,0.007699532717706703,0.010826614161228282,0.01296610425233893,0.011901534512147021,0.008457961628799833,0.024359413779926106,0.013307356780008326,0.00847811971726854,0.01719230635489298,0.014645053078025038,0.006275574017882878,0.012378912647789059,0.014675178673319949,0.010819849842247129,0.013731642149316246,0.013342416976956279,0.010665102977930496,0.019650893077195322,0.008980143207055577,0.01063802496935593,0.011848948549835477,0.014795383902774092,0.0066108015193752185,0.015993163240605072,0.011351751720217833,0.014256879493376206,0.018407784791648066,0.014307156549645995,0.007095797951557238,0.010848079899536617,0.011892684667744055,0.007019764629043942,0.011411794438181097,0.009445880236793729,0.015957586326035503,0.009716623149440225,0.010767860579125547,0.008880985041833158,0.006655042188282884
NTPC,0.016404705350408548,0.025738008112563705,0.04615914343084982,0.013540529924718873,0.016987612901185223,0.01893116254591721,0.009476031521585264,0.011496078178727186,0.03481500475571276,0.021337468542584368,0.01281728460438888,0.06625862064193479,0.020610233241540828,0.019891169678558647,0.05492955043208289,0.025267747552958745,0.0348077891873017,0.015456191568268442,0.029612943173123442,0.04857207589042188,0.028652857892044553,0.03877735094151376,0.016405427488768724,0.043571363570439565,0.024990886280910795,0.028852568265426495,0.014355455067303695,0.03654213472054782,0.02149665823572031,0.03035711746316803,0.011715865607656235,0.04060076732681846,0.0361604715916206,0.021247674357310686,0.030134697223127154,0.01648738070391986,0.040415321222655995,0.01593801607774773,0.03402072909799512,0.015812266954995387,0.01350215693090893,0.021045168316387898,0.012164019262863599,0.02169191959091017,0.044202556118660974,0.007711109757506317,0.0488075007520106,0.015715443254721004,0.013211236781433143,0.0419520170467421,0.026407847354691996,0.03595441307755856,0.010412589798699775,0.020443479098804077,0.004923059151041004,0.013395326323540683,0.01880320334203502,0.0280933031842202,0.014605695936628185,0.01987675626993006,0.008293519105895058,0.009643170328060032,0.019982612497910984,0.031022642534521968,0.025014090998498315,0.007687016472446985,0.019717726960532596,0.0327321144235009,0.012111561515607626,0.009540009501469299,0.029312230499093535,0.006793493953768865,0.018089950518615068,0.01607980023713478,0.011245345757235198,0.01584192082599425,0.01193775930766476,0.02151565993607192,0.03633329110389442,0.013976556164271044,0.01526360331049677,0.017178203569642284,0.017680293688858248,0.00887588177814887,0.03906220021167179,0.012364031697307837,0.03346214167191743,0.020051038918741347,0.022882576654407332,0.014060870650897585,0.018817964010732026,0.02433419373878967,0.013591049915664564,0.013610622988329685,0.014806300401433813,0.01803739435969509,0.007702458662325263,0.013798102236694325,0.007780182103679058,0.004137886662405794
M&M,0.03458651313293407,0.025694594345345725,0.033830307470765465,0.017640993052708064,0.018499784551604108,0.020046476166434984,0.011852332324942844,0.019604602188685444,0.01677173565930165,0.022206516129814575,0.015041821085037821,0.020610233241540828,0.07709344051065577,0.03176871901166148,0.038059108436002714,0.03160443641396038,0.027169700697964202,0.02278304573979866,0.02400475608332204,0.03169236832045267,0.04073579247136089,0.024583952779078,0.03100199916309204,0.027840036076820788,0.022522493260914163,0.025295653558228947,0.02613641792052462,0.024251351508947697,0.03222816431000948,0.023842232582462947,0.016917806375112813,0.01818154156304927,0.02671723766835337,0.027684061545749965,0.03254407186756418,0.0251283829075641,0.018124652083871883,0.020014369408493844,0.025603623935058776,0.017668550173607623,0.01699133637362271,0.027889843308337558,0.01235514772877055,0.022873268831458626,0.03982159432988345,0.012607591907392371,0.031057734801068514,0.029594226650608763,0.01784599802588354,0.03563743966911061,0.019842654982713093,0.03847969435896292,0.012460006872670739,0.028259087313683765,0.010247251994351036,0.01828490673235797,0.023798287703409946,0.029105273700061673,0.03031051943040165,0.021187967504910525,0.009498287824615786,0.015937019537830596,0.02825966218135426,0.024142440510270504,0.02794172354431621,0.016489811817104506,0.016597718395509182,0.02376596138585125,0.013756662968913952,0.012562818688372114,0.03623320540756772,0.012159153893639198,0.018666280280222238,0.017392316630278085,0.012025087272259495,0.021789999374840094,0.01703638339302828,0.021362038413828187,0.03916779495844788,0.01938412732999722,0.016505622558718343,0.021713394109232034,0.015401163498235204,0.013059735492455855,0.029053553814878456,0.01972365534723381,0.02316398761249543,0.021857548490038972,0.02341254582192549,0.015457264759654216,0.02166582806843931,0.03167377408356794,0.018650958408068363,0.017623854786556255,0.019065646125026356,0.02583204078089442,0.015093499852874457,0.01828755621944433,0.0132783098291726,0.011680448759110375
TRENT,0.028682487427623582,0.028757151907836977,0.03527144099274772,0.016752773349112907,0.013857073980650772,0.029446365249031534,0.01302776545443553,0.02137999911240216,0.02035134876962239,0.02730700787320771,0.0157550145936726,0.019891169678558647,0.03176871901166148,0.11510620201697208,0.04051382103298317,0.035103107860213804,0.03256613321223486,0.027873895871794837,0.02502854255203754,0.03885449886354564,0.03062638517992039,0.03348765259890255,0.027881390175125028,0.03464638514618794,0.023121361213509932,0.028214767502263198,0.022515584228802298,0.02396945216714015,0.03080283397143183,0.031595440264530254,0.01628844343073596,0.019142874093986368,0.0319863456640591,0.0321570962802374,0.038452244637345465,0.023105169909956022,0.02218714938171879,0.017116307464401483,0.02607264783401793,0.01510171753253359,0.020386949663112365,0.025642957395171792,0.014984506029478374,0.024344460541706064,0.04066302355110958,0.013089760729125011,0.03410559775192113,0.01988644830189323,0.02858060570973619,0.036034282147339274,0.018330002246433,0.042845668174442485,0.014624415495280763,0.027775310627012037,0.009438986331896326,0.022103086145992636,0.02342082187336022,0.04005666215142199,0.02631973605647728,0.020544713246993338,0.010078114109083805,0.01909799405495218,0.029692119861720004,0.022376866663455376,0.030141437655095575,0.015796657898438204,0.02029097299237104,0.023838823781167327,0.0143981372489052,0.011707113426878555,0.037734808012810594,0.011719353884432012,0.02913500401955955,0.02398745098867424,0.01602038007510065,0.023551969348415802,0.02034708313618457,0.024753724760585825,0.04058684849972875,0.02676047242586767,0.01941990366096844,0.024639912705976565,0.028154002976311935,0.015736752498245913,0.03715051270559742,0.022084114169901935,0.027122449141130024,0.022446421017664843,0.026404684218161858,0.017536130125467845,0.0221680187382136,0.02497672614620808,0.015234049326480897,0.016719469657309707,0.014420573974773926,0.03417837947959546,0.014340264885989896,0.01676130847148109,0.017181385453457074,0.010293998211138333
BHEL,0.03638848509564769,0.0481607839018688,0.07640826157701161,0.021526903136052232,0.03148346277600801,0.0351215526948543,0.019474164238997886,0.017370200098993312,0.052071977808929165,0.050467055700443755,0.02184330798897346,0.05492955043208289,0.038059108436002714,0.04051382103298317,0.188975779027369,0.056606881528867704,0.07270819077868274,0.02628333988549746,0.051554485354135926,0.08473306595749021,0.05942738715013408,0.06897904192158723,0.032804335790754334,0.09118020622525234,0.04381199630679677,0.04837142136640623,0.02863353261500095,0.06283461620151529,0.041791495992839635,0.05753151843943169,0.0217718765424959,0.04352972914333372,0.06456994689018532,0.04415904675869645,0.060593767426607575,0.04100545050095564,0.050592217125646814,0.025162848840062608,0.06497720967428894,0.025341161336627754,0.03624379720852903,0.038583784247927654,0.01905774646741018,0.040357576578122514,0.08092241844137375,0.019033075775643518,0.09807780567752981,0.02717258048365289,0.027596282828921504,0.07398164465595694,0.04807225158685166,0.07905563917287076,0.021507735457429053,0.030760896163391845,0.008001635828818972,0.024314018931041917,0.033572582613478126,0.0578352026676798,0.03299926147935763,0.03290851174025115,0.011588778089334178,0.017621373218120497,0.030762767471392408,0.054241970650653046,0.044839495873389826,0.01628094661921005,0.03814648481334489,0.058031502776616374,0.021988043723867035,0.017801419148244953,0.061692930447437656,0.009573459666884351,0.0421760517160898,0.028508140836992903,0.017099684196090405,0.03180518470218624,0.022283722921224162,0.032350409493512186,0.07022082494672863,0.021215206570313797,0.02868640498727895,0.04160100494940116,0.031444292794697355,0.016805207093482592,0.06347344814895778,0.025042681388709638,0.06482765926837902,0.04418546873108515,0.046493120329734745,0.027474871424806997,0.038004390528812895,0.050931950290665835,0.021164500542336918,0.024929490910462714,0.024378405601434155,0.03686277786134301,0.012800333437769259,0.03236570926074341,0.013602162954675593,0.004568412447189659
PRESTIGE,0.02947529331517121,0.03689649862354217,0.03929165032421856,0.01577172491137015,0.020916844029108008,0.027120272232114374,0.012568542195226061,0.02219355369070008,0.02746438877759508,0.029423464831066056,0.01029202140622403,0.025267747552958745,0.03160443641396038,0.035103107860213804,0.056606881528867704,0.16264924722705584,0.039189807728456094,0.02076449405831608,0.03044120986446621,0.04256568864405157,0.03765095210824714,0.03952534721906902,0.025342149650089584,0.045428354135170414,0.02944365976908813,0.03279169884637365,0.02436046905075078,0.030934415937047786,0.03970657315274895,0.03321899946960505,0.017008092936983864,0.01991798530157875,0.03715840098688365,0.035648035588354186,0.06861721269829929,0.029901808795504657,0.029842303686667584,0.018222409282843417,0.0367414415974581,0.018685374078803926,0.020174280371795483,0.023597068383231914,0.013232643342453703,0.026086794776356795,0.04722337304617969,0.0064277744158986825,0.05117840125114141,0.018488769422966213,0.02570839959372555,0.04371724568036058,0.023426136900232406,0.06921416334321846,0.01726189357515541,0.023622568030453057,0.010215192407789305,0.017359854456463392,0.023743231891080564,0.039442700068048224,0.022878973480086034,0.025209784373821605,0.007446164791145587,0.015519729768383117,0.02609641833805175,0.03223633012948338,0.03555593934554593,0.014166127904285408,0.028457557910249526,0.032508727455740974,0.014259031525468827,0.012912350024725313,0.04030160232788353,0.006558786702597058,0.03242065107701285,0.025182285971565833,0.014374676714367866,0.025260662739395957,0.01913169536149984,0.027655239145520902,0.0746786909369972,0.018341436216388087,0.017728301915155276,0.033687854717132114,0.028942382424144555,0.009329084149436475,0.036412230227874466,0.021826029311567845,0.043908488994116916,0.027446710396150202,0.029293050733531265,0.024223324114939142,0.029927741303474656,0.027263660094126202,0.017230240757757368,0.016382019228755904,0.019301418204251772,0.030653574009565396,0.013686181907034394,0.014929711957615615,0.012154258096680427,0.006406385529079369
JINDALSTEL,0.027308563234513156,0.031229105535173652,0.05052942516698542,0.019841237850870212,0.02801671618125979,0.03205945986063191,0.016645415204445974,0.017180642593292418,0.03676582028664938,0.030489131050720483,0.018027676208459784,0.0348077891873017,0.027169700697964202,0.03256613321223486,0.07270819077868274,0.039189807728456094,0.12947579385411426,0.023272601906538355,0.03335569399703724,0.05670452155945959,0.041183735331480675,0.08093588034015457,0.023018602401169888,0.09228468601258595,0.029353166002059845,0.07737759864051708,0.020542957380051997,0.03634580136298372,0.03815444444446619,0.07880928316671167,0.01992601636859834,0.026774901011949185,0.09186630077901645,0.0316926831904516,0.04370773289165881,0.024517422036157113,0.04226134181576052,0.022655746885860296,0.038814467174982326,0.021483430533429992,0.02493702605068684,0.027538713627316844,0.014508469379966036,0.035819251180913426,0.05902193377029329,0.011126870706884078,0.1044767298901652,0.016010547574161177,0.03051073669068968,0.05111025851418512,0.04507753932408591,0.055502519204200976,0.02431082158080582,0.031632965061996574,0.007040478032466977,0.0177725109687497,0.026943360794453027,0.042117952585269826,0.022920241508222465,0.02647125200354141,0.00983507145136911,0.013589986534593732,0.031584030009561226,0.03786322296193504,0.033065377706308505,0.01043438466707031,0.030903889423399233,0.03449612409405984,0.015292845933568838,0.013389917650959886,0.04345017809570854,0.005807805293125426,0.03179830551820045,0.030252328527944742,0.020253802240465753,0.027524362743203492,0.02493302126937494,0.026193107021333862,0.0517228254611397,0.021836444887539493,0.02013217673367762,0.029760845998015692,0.0334842839425078,0.013068016935933627,0.04517872444584941,0.02273660663309513,0.03612930762621981,0.03043611899356163,0.04043833854113358,0.01957002310501665,0.031918569882112155,0.03578175036628087,0.021845636763491407,0.025910874279357697,0.021413521623397654,0.028749352576283034,0.015362977824842434,0.022865368883457797,0.0068975123955278715,0.0008534131194556834
TITAN,0.023646415834132524,0.017482556991678815,0.019700895273482427,0.014003554833136103,0.011642468126471954,0.017681803189588275,0.010438878796413696,0.01198355957390893,0.009292420880683192,0.014476513798058003,0.013182238075462831,0.015456191568268442,0.02278304573979866,0.027873895871794837,0.02628333988549746,0.02076449405831608,0.023272601906538355,0.05722262397074848,0.01816317749751014,0.025924140313985187,0.025558604453020693,0.023503444723126717,0.02117576175972527,0.024568488493874132,0.0191893076919349,0.02153667734025558,0.017088661668985854,0.01723023208795491,0.023437196628209433,0.022628680730004857,0.017303397107695025,0.01357941481211043,0.02260464814492566,0.018645832902274062,0.028217864223166418,0.01726551459730031,0.012733958962971746,0.0132602987317561,0.01930150356890892,0.01610619856252372,0.014185499953467422,0.01852599764926389,0.009205739715506854,0.019866468885787483,0.02916115759790193,0.011341496890207447,0.02478753906962141,0.01877617817716639,0.01839305134060887,0.02818469830476091,0.014628117536437849,0.028964232997978994,0.01106381910418516,0.024478390075062823,0.010333768021574357,0.020218280405962845,0.01860956413543356,0.018637891127534282,0.020041906294801824,0.01500679337357964,0.00720918779367515,0.017210077531557413,0.023914059907032572,0.0209722518299369,0.017352208676631568,0.01507111373944277,0.014133916471109197,0.0190500305410471,0.012790010981852307,0.008160661855959525,0.024273064718199715,0.013294495397504567,0.020021753980434532,0.01915276024328277,0.013577765738932296,0.01740765049463019,0.015078812604920232,0.017033430536895825,0.030111796286615183,0.02236093677132748,0.013332723859769462,0.01951694299912578,0.020546737396260176,0.01234091691208889,0.018232713228118327,0.021205526318821912,0.020589378481580344,0.012959918706060718,0.021459648294106265,0.014293082803034705,0.01836791161650061,0.020179390963617136,0.0126787675823918,0.016894390921209045,0.014793398280742363,0.025914422529497386,0.014153476718483127,0.014830651476656916,0.016847558127370117,0.012964011417180435
