{
  "scenario_group": "horizon",
  "scenario_name": "Horizon_36M_Train_180M",
  "scenario": {
    "train_start": "2008-03-12",
    "train_end": "2023-03-11",
    "test_start": "2023-03-12",
    "test_end": "2026-03-11",
    "description": "Test=36M, Train=180M ending at latest date"
  },
  "symbols_full": [
    "20MICRONS",
    "3MINDIA",
    "A2ZINFRA",
    "AARTIDRUGS",
    "AARTIIND",
    "ABAN",
    "ABFRL",
    "ACC",
    "ACE",
    "ADANIENT",
    "ADFFOODS",
    "ADL",
    "ADOR",
    "ADROITINFO",
    "AEGISLOG",
    "AGI",
    "AHLUCONT",
    "AJANTPHARM",
    "AKSHOPTFBR",
    "AKZOINDIA",
    "ALEMBICLTD",
    "ALICON",
    "ALKALI",
    "ALKYLAMINE",
    "ALLCARGO",
    "ALLDIGI",
    "AMBIKCO",
    "AMBUJACEM",
    "AMDIND",
    "AMJLAND",
    "ANANTRAJ",
    "ANDHRSUGAR",
    "ANTELOPUS",
    "APARINDS",
    "APCOTEXIND",
    "APOLLOTYRE",
    "APTECHT",
    "ARCHIDPLY",
    "ARIES",
    "ASAHIINDIA",
    "ASAHISONG",
    "ASAL",
    "ASHAPURMIN",
    "ASHIANA",
    "ASHIMASYN",
    "ASHOKLEY",
    "ASIANHOTNR",
    "ASIANTILES",
    "ASTEC",
    "ASTRAMICRO",
    "ASTRAZEN",
    "ATLANTAA",
    "ATULAUTO",
    "AURIONPRO",
    "AUROPHARMA",
    "AUSOMENT",
    "AUTOAXLES",
    "AVTNPL",
    "AXISBANK",
    "BAGFILMS",
    "BAJAJ-AUTO",
    "BAJAJCON",
    "BAJAJFINSV",
    "BAJAJHIND",
    "BAJAJHLDNG",
    "BALAMINES",
    "BALKRISIND",
    "BALMLAWRIE",
    "BALPHARMA",
    "BALRAMCHIN",
    "BANARISUG",
    "BANCOINDIA",
    "BANKBARODA",
    "BANKINDIA",
    "BANSWRAS",
    "BASF",
    "BASML",
    "BATAINDIA",
    "BAYERCROP",
    "BBOX",
    "BBTC",
    "BEDMUTHA",
    "BEL",
    "BEPL",
    "BERGEPAINT",
    "BFINVEST",
    "BFUTILITIE",
    "BGRENERGY",
    "BHARATFORG",
    "BHARTIARTL",
    "BHEL",
    "BIL",
    "BIOCON",
    "BIRLACABLE",
    "BIRLACORPN",
    "BIRLANU",
    "BLISSGVS",
    "BLUESTARCO",
    "BOMDYEING",
    "BOSCHLTD",
    "BPCL",
    "BPL",
    "BRIGADE",
    "BROOKS",
    "BSL",
    "CALSOFT",
    "CANFINHOME",
    "CANTABIL",
    "CARBORUNIV",
    "CARERATING",
    "CCL",
    "CEATLTD",
    "CELEBRITY",
    "CEMPRO",
    "CENTENKA",
    "CENTRALBK",
    "CERA",
    "CEREBRAINT",
    "CESC",
    "CGPOWER",
    "CHENNPETRO",
    "CINELINE",
    "CIPLA",
    "COALINDIA",
    "COLPAL",
    "COMPUSOFT",
    "CONSOFINVT",
    "CORDSCABLE",
    "CPCAP",
    "CTE",
    "CUB",
    "CUMMINSIND",
    "CYBERTECH",
    "CYIENT",
    "DABUR",
    "DALMIASUG",
    "DBREALTY",
    "DCM",
    "DCMSHRIRAM",
    "DCW",
    "DECCANCE",
    "DELTAMAGNT",
    "DENORA",
    "DHAMPURSUG",
    "DHANBANK",
    "DHANUKA",
    "DIVISLAB",
    "DLF",
    "DLINKINDIA",
    "DONEAR",
    "DPSCLTD",
    "DREDGECORP",
    "DSSL",
    "DUCON",
    "DVL",
    "DWARKESH",
    "DYNAMATECH",
    "ECLERX",
    "EDELWEISS",
    "EICHERMOT",
    "EIDPARRY",
    "EKC",
    "ELECTCAST",
    "ELGIEQUIP",
    "ELGIRUBCO",
    "EMAMILTD",
    "EMBDL",
    "EMKAY",
    "EMMBI",
    "ENGINERSIN",
    "EPL",
    "ESABINDIA",
    "ESCORTS",
    "ESSARSHPNG",
    "ESTER",
    "EVERESTIND",
    "EXCEL",
    "EXIDEIND",
    "FDC",
    "FEDERALBNK",
    "FELDVR",
    "FIEMIND",
    "FILATEX",
    "FINPIPE",
    "FLEXITUFF",
    "FMGOETZE",
    "FMNL",
    "FORTIS",
    "FOSECOIND",
    "GABRIEL",
    "GAEL",
    "GAIL",
    "GALLANTT",
    "GANDHITUBE",
    "GANESHHOU",
    "GARFIBRES",
    "GENESYS",
    "GENUSPOWER",
    "GFLLIMITED",
    "GHCL",
    "GICHSGFIN",
    "GILLANDERS",
    "GINNIFILA",
    "GIPCL",
    "GKWLIMITED",
    "GLAXO",
    "GLENMARK",
    "GLOBUSSPR",
    "GMBREW",
    "GMDCLTD",
    "GMRAIRPORT",
    "GNFC",
    "GOCLCORP",
    "GODFRYPHLP",
    "GODREJCP",
    "GODREJIND",
    "GOKUL",
    "GOLDIAM",
    "GPPL",
    "GRAPHITE",
    "GREAVESCOT",
    "GREENPOWER",
    "GRINDWELL",
    "GSFC",
    "GSPL",
    "GSS",
    "GTL",
    "GTLINFRA",
    "GUFICBIO",
    "GUJALKALI",
    "GUJGASLTD",
    "GULFPETRO",
    "GVKPIL",
    "GVPIL",
    "GVT&D",
    "HATHWAY",
    "HAVELLS",
    "HCC",
    "HCL-INSYS",
    "HCLTECH",
    "HDFCBANK",
    "HEIDELBERG",
    "HERITGFOOD",
    "HEROMOTOCO",
    "HEXATRADEX",
    "HGM",
    "HIKAL",
    "HIMATSEIDE",
    "HINDALCO",
    "HINDCOMPOS",
    "HINDCOPPER",
    "HINDPETRO",
    "HINDUNILVR",
    "HINDZINC",
    "HITECHCORP",
    "HITECHGEAR",
    "HMVL",
    "HONDAPOWER",
    "HSCL",
    "HTMEDIA",
    "HUBTOWN",
    "HUHTAMAKI",
    "IBULLSLTD",
    "ICICIBANK",
    "ICIL",
    "ICRA",
    "IDBI",
    "IFBAGRO",
    "IFBIND",
    "IFCI",
    "IGL",
    "IGPL",
    "IIFL",
    "IITL",
    "IL&FSENGG",
    "IMFA",
    "IMPAL",
    "INDBANK",
    "INDIACEM",
    "INDIANB",
    "INDORAMA",
    "INDOTECH",
    "INDOWIND",
    "INDRAMEDCO",
    "INDTERRAIN",
    "INDUSINDBK",
    "INFY",
    "INGERRAND",
    "INSECTICID",
    "INVENTURE",
    "IOC",
    "IRB",
    "ISFT",
    "ITC",
    "ITI",
    "IVC",
    "IZMO",
    "J&KBANK",
    "JAICORPLTD",
    "JAMNAAUTO",
    "JAYAGROGN",
    "JAYBARMARU",
    "JAYNECOIND",
    "JAYSREETEA",
    "JBCHEPHARM",
    "JINDALSTEL",
    "JINDRILL",
    "JINDWORLD",
    "JISLDVREQS",
    "JISLJALEQS",
    "JKCEMENT",
    "JKIL",
    "JKLAKSHMI",
    "JKTYRE",
    "JMFINANCIL",
    "JOCIL",
    "JPASSOCIAT",
    "JPPOWER",
    "JTEKTINDIA",
    "JUBLFOOD",
    "JUBLPHARMA",
    "JUSTDIAL",
    "JWL",
    "JYOTISTRUC",
    "KAJARIACER",
    "KAKATCEM",
    "KANANIIND",
    "KANORICHEM",
    "KARMAENG",
    "KAUSHALYA",
    "KAVDEFENCE",
    "KCP",
    "KCPSUGIND",
    "KECL",
    "KEI",
    "KICL",
    "KIRLOSBROS",
    "KIRLOSENG",
    "KIRLOSIND",
    "KKCL",
    "KMSUGAR",
    "KNRCON",
    "KOHINOOR",
    "KOKUYOCMLN",
    "KOLTEPATIL",
    "KOPRAN",
    "KOTARISUG",
    "KOTHARIPET",
    "KPRMILL",
    "KRBL",
    "KSCL",
    "KTKBANK",
    "LGBBROSLTD",
    "LINDEINDIA",
    "LOKESHMACH",
    "LOTUSEYE",
    "LOVABLE",
    "LPDC",
    "LT",
    "LTFOODS",
    "LUMAXTECH",
    "LYKALABS",
    "M&M",
    "M&MFIN",
    "MAANALU",
    "MADHAV",
    "MADHUCON",
    "MAHABANK",
    "MANAKSIA",
    "MANALIPETC",
    "MANAPPURAM",
    "MANGLMCEM",
    "MANINFRA",
    "MANUGRAPH",
    "MARALOVER",
    "MARKSANS",
    "MARUTI",
    "MASTEK",
    "MAWANASUG",
    "MAYURUNIQ",
    "MBLINFRA",
    "MCLEODRUSS",
    "MEDPLUS",
    "MFSL",
    "MHRIL",
    "MINDACORP",
    "MIRCELECTR",
    "MIRZAINT",
    "MMFL",
    "MMTC",
    "MOIL",
    "MORARJEE",
    "MOREPENLAB",
    "MOTHERSON",
    "MOTILALOFS",
    "MPSLTD",
    "MRPL",
    "MSPL",
    "MTNL",
    "MUKANDLTD",
    "MUKTAARTS",
    "MUNJALAU",
    "MUNJALSHOW",
    "NAGAFERT",
    "NAGREEKEXP",
    "NAHARINDUS",
    "NAHARPOLY",
    "NATCOPHARM",
    "NATIONALUM",
    "NAVINFLUOR",
    "NAVNETEDUL",
    "NBCC",
    "NDLVENTURE",
    "NDTV",
    "NECLIFE",
    "NELCAST",
    "NELCO",
    "NESCO",
    "NETWORK18",
    "NEULANDLAB",
    "NFL",
    "NHPC",
    "NIBL",
    "NIITLTD",
    "NILKAMAL",
    "NITCO",
    "NKIND",
    "NLCINDIA",
    "NOCIL",
    "NOIDATOLL",
    "NRBBEARING",
    "OBEROIRLTY",
    "OFSS",
    "OIL",
    "OILCOUNTUB",
    "OMAXE",
    "OMINFRAL",
    "ONMOBILE",
    "ORIENTCEM",
    "ORIENTCER",
    "ORIENTHOT",
    "ORIENTPPR",
    "ORISSAMINE",
    "PAGEIND",
    "PAISALO",
    "PANAMAPET",
    "PARSVNATH",
    "PATINTLOG",
    "PCBL",
    "PENIND",
    "PENINLAND",
    "PETRONET",
    "PFC",
    "PFIZER",
    "PFS",
    "PGHL",
    "PGIL",
    "PIDILITIND",
    "PIIND",
    "PIONEEREMB",
    "PITTIENG",
    "PLASTIBLEN",
    "PNB",
    "PNBGILTS",
    "POLYMED",
    "POLYPLEX",
    "PONNIERODE",
    "POONAWALLA",
    "POWERGRID",
    "PPAP",
    "PRAENG",
    "PRAKASH",
    "PRAKASHSTL",
    "PRECWIRE",
    "PRESTIGE",
    "PTC",
    "PTL",
    "PUNJABCHEM",
    "PVRINOX",
    "RADICO",
    "RAIN",
    "RAJESHEXPO",
    "RAJSREESUG",
    "RAJTV",
    "RALLIS",
    "RAMANEWS",
    "RAMCOCEM",
    "RAMCOSYS",
    "RAMKY",
    "RANASUG",
    "RATNAMANI",
    "RAYMOND",
    "RCF",
    "RECLTD",
    "REDINGTON",
    "RELAXO",
    "RELIANCE",
    "RENUKA",
    "REPRO",
    "RGL",
    "RICOAUTO",
    "RIIL",
    "RKDL",
    "RKFORGE",
    "ROHLTD",
    "ROSSELLIND",
    "RPGLIFE",
    "RPOWER",
    "RPPINFRA",
    "RSSOFTWARE",
    "RSWM",
    "RSYSTEMS",
    "RTNINDIA",
    "RUBYMILLS",
    "RUCHIRA",
    "RUPA",
    "SADBHAV",
    "SAIL",
    "SAKHTISUG",
    "SAKSOFT",
    "SAKUMA",
    "SANDESH",
    "SANGAMIND",
    "SARDAEN",
    "SASKEN",
    "SASTASUNDR",
    "SCHAEFFLER",
    "SCI",
    "SEAMECLTD",
    "SEMAC",
    "SEPC",
    "SESHAPAPER",
    "SGL",
    "SHAH",
    "SHAKTIPUMP",
    "SHALPAINTS",
    "SHILPAMED",
    "SHIVAMAUTO",
    "SHOPERSTOP",
    "SHREECEM",
    "SHREERAMA",
    "SHREYANIND",
    "SIEMENS",
    "SIGMAADV",
    "SIMBHALS",
    "SIMPLEXINF",
    "SIYSIL",
    "SJVN",
    "SKFINDIA",
    "SMSPHARMA",
    "SOBHA",
    "SOLARINDS",
    "SOMANYCERA",
    "SONATSOFTW",
    "SOTL",
    "SOUTHBANK",
    "SPARC",
    "SPIC",
    "SPLIL",
    "SRF",
    "SRHHYPOLTD",
    "SSWL",
    "STAR",
    "STEL",
    "STERTOOLS",
    "STLTECH",
    "STYRENIX",
    "SUBEXLTD",
    "SUBROS",
    "SUNDARAM",
    "SUNDARMFIN",
    "SUNDRMBRAK",
    "SUNDRMFAST",
    "SUNDROP",
    "SUNFLAG",
    "SUNPHARMA",
    "SUNTV",
    "SUPERSPIN",
    "SUPRAJIT",
    "SUPREMEIND",
    "SUPREMEINF",
    "SURANASOL",
    "SURYALAXMI",
    "SURYAROSNI",
    "SUZLON",
    "SWARAJENG",
    "SWELECTES",
    "TAINWALCHM",
    "TAJGVK",
    "TAKE",
    "TANLA",
    "TARIL",
    "TATACHEM",
    "TATACOMM",
    "TATACONSUM",
    "TATAELXSI",
    "TCI",
    "TCS",
    "TEXINFRA",
    "TFL",
    "TGBHOTELS",
    "THANGAMAYL",
    "THERMAX",
    "TI",
    "TIIL",
    "TIL",
    "TIMKEN",
    "TIPSMUSIC",
    "TIRUMALCHM",
    "TITAN",
    "TMPV",
    "TNPETRO",
    "TOKYOPLAST",
    "TORNTPHARM",
    "TRANSWORLD",
    "TREEHOUSE",
    "TRF",
    "TRIDENT",
    "TRIGYN",
    "TRIVENI",
    "TTKHLTCARE",
    "TTKPRESTIG",
    "TTML",
    "TVSELECT",
    "TVSMOTOR",
    "TVTODAY",
    "UBL",
    "UCOBANK",
    "UFLEX",
    "UGARSUGAR",
    "ULTRACEMCO",
    "UMIYA-MRO",
    "UNICHEMLAB",
    "UNIENTER",
    "UNIONBANK",
    "UNITECH",
    "UNITEDTEA",
    "UNOMINDA",
    "UPL",
    "UTTAMSUGAR",
    "V2RETAIL",
    "VAKRANGEE",
    "VARDHACRLC",
    "VASCONEQ",
    "VASWANI",
    "VEEDOL",
    "VENKEYS",
    "VENUSREM",
    "VETO",
    "VGUARD",
    "VIMTALABS",
    "VINATIORGA",
    "VINDHYATEL",
    "VINYLINDIA",
    "VIPIND",
    "VIPULLTD",
    "VISAKAIND",
    "VLSFINANCE",
    "VSSL",
    "VSTIND",
    "VSTTILLERS",
    "WABAG",
    "WALCHANNAG",
    "WEIZMANIND",
    "WELCORP",
    "WELINV",
    "WELSPUNLIV",
    "WENDT",
    "WEWIN",
    "WHEELS",
    "WHIRLPOOL",
    "WILLAMAGOR",
    "WINDMACHIN",
    "WOCKPHARMA",
    "WSI",
    "WSTCSTPAPR",
    "XCHANGING",
    "XPROINDIA",
    "YESBANK",
    "ZEEL",
    "ZEELEARN",
    "ZEEMEDIA",
    "ZENSARTECH",
    "ZFCVINDIA",
    "ZODIACLOTH",
    "ZOTA",
    "ZUARI",
    "ZUARIIND",
    "ZYDUSLIFE"
  ],
  "selected_stocks": [
    "AJANTPHARM",
    "POLYMED",
    "SOLARINDS",
    "CERA",
    "SCHAEFFLER",
    "SUPREMEIND",
    "HINDUNILVR",
    "ALKYLAMINE"
  ],
  "selected_indices": [
    17,
    464,
    551,
    116,
    526,
    579,
    252,
    23
  ],
  "matrices": {
    "covariance_selected": [
      [
        0.13047907553688426,
        0.013121034652871155,
        0.009764305652721765,
        0.015243285460948934,
        0.0071797171746567825,
        0.01032166559515965,
        0.007977185433323241,
        0.014945796835797276
      ],
      [
        0.013121034652871155,
        0.16049001169701643,
        0.008223261677616594,
        0.011912489941300078,
        0.008110198211271099,
        0.00975238554609602,
        0.005926516004369224,
        0.015088136592883375
      ],
      [
        0.009764305652721765,
        0.008223261677616594,
        0.08079812514095419,
        0.01294651880216206,
        0.009230255823659266,
        0.011135325999046356,
        0.005691688296802256,
        0.017685410199930147
      ],
      [
        0.015243285460948934,
        0.011912489941300078,
        0.01294651880216206,
        0.1207583768602187,
        0.01066169047027292,
        0.011928224845366717,
        0.007757982344317267,
        0.014366026096428149
      ],
      [
        0.0071797171746567825,
        0.008110198211271099,
        0.009230255823659266,
        0.01066169047027292,
        0.07714382258728111,
        0.010045576847069663,
        0.00504994235060584,
        0.01672262707284612
      ],
      [
        0.01032166559515965,
        0.00975238554609602,
        0.011135325999046356,
        0.011928224845366717,
        0.010045576847069663,
        0.08156355385216364,
        0.008599231428247962,
        0.017580813275159986
      ],
      [
        0.007977185433323241,
        0.005926516004369224,
        0.005691688296802256,
        0.007757982344317267,
        0.00504994235060584,
        0.008599231428247962,
        0.05750185075245686,
        0.0107195074835348
      ],
      [
        0.014945796835797276,
        0.015088136592883375,
        0.017685410199930147,
        0.014366026096428149,
        0.01672262707284612,
        0.017580813275159986,
        0.0107195074835348,
        0.18907473097847138
      ]
    ],
    "qubo_selected": [
      [
        -13669.002272415102,
        0.015515964688634533,
        0.027593952560417318,
        0.026617678093756092,
        0.027708946873908947,
        0.01932139761285155,
        0.022670786385301338,
        0.023856449690733434
      ],
      [
        0.015515964688634533,
        -13668.905855256831,
        0.02009504371307579,
        0.010843687233252613,
        0.013563110040729473,
        0.019611511085685512,
        0.01823786809605557,
        0.017198462856495924
      ],
      [
        0.027593952560417318,
        0.02009504371307579,
        -13669.001903809598,
        0.02762601665647026,
        0.024640182323413272,
        0.02332323039144827,
        0.025157010638856697,
        0.03231209044118173
      ],
      [
        0.026617678093756092,
        0.010843687233252613,
        0.02762601665647026,
        -13668.966158000316,
        0.022315282962017895,
        0.02268521818679179,
        0.02129937713365803,
        0.018353013392856575
      ],
      [
        0.027708946873908947,
        0.013563110040729473,
        0.024640182323413272,
        0.022315282962017895,
        -13669.01961558068,
        0.02589122567033794,
        0.021671820831500006,
        0.021192505035578353
      ],
      [
        0.01932139761285155,
        0.019611511085685512,
        0.02332323039144827,
        0.02268521818679179,
        0.02589122567033794,
        -13668.890017568565,
        0.02203153527403516,
        0.023004915949152632
      ],
      [
        0.022670786385301338,
        0.01823786809605557,
        0.025157010638856697,
        0.02129937713365803,
        0.021671820831500006,
        0.02203153527403516,
        -13668.90479262787,
        0.027630151852089245
      ],
      [
        0.023856449690733434,
        0.017198462856495924,
        0.03231209044118173,
        0.018353013392856575,
        0.021192505035578353,
        0.023004915949152632,
        0.027630151852089245,
        -13668.958004779655
      ]
    ]
  }
}