{
  "scenario_group": "horizon",
  "scenario_name": "Horizon_24M_Train_60M",
  "scenario": {
    "train_start": "2019-03-12",
    "train_end": "2024-03-11",
    "test_start": "2024-03-12",
    "test_end": "2026-03-11",
    "description": "Test=24M, Train=60M ending at latest date"
  },
  "symbols_full": [
    "ACC",
    "ADANIENT",
    "ADANIGREEN",
    "ALKEM",
    "AMBUJACEM",
    "ASHOKLEY",
    "AUROPHARMA",
    "AXISBANK",
    "BAJAJ-AUTO",
    "BAJAJFINSV",
    "BATAINDIA",
    "BHARTIARTL",
    "BHEL",
    "BIOCON",
    "BOSCHLTD",
    "BPCL",
    "CIPLA",
    "COLPAL",
    "CROMPTON",
    "CUMMINSIND",
    "DABUR",
    "DIVISLAB",
    "DLF",
    "DMART",
    "EICHERMOT",
    "ESCORTS",
    "FORTIS",
    "GAIL",
    "GODREJCP",
    "HAVELLS",
    "HCLTECH",
    "HDFCBANK",
    "HDFCLIFE",
    "HEROMOTOCO",
    "HINDALCO",
    "HINDPETRO",
    "HINDUNILVR",
    "HINDZINC",
    "ICICIBANK",
    "ICICIGI",
    "IGL",
    "INDIGO",
    "INDUSINDBK",
    "INFY",
    "IOC",
    "ITC",
    "JINDALSTEL",
    "JUBLFOOD",
    "LT",
    "LTTS",
    "M&M",
    "MARUTI",
    "MOTHERSON",
    "OBEROIRLTY",
    "OIL",
    "PAGEIND",
    "PIDILITIND",
    "PIIND",
    "POWERGRID",
    "PRESTIGE",
    "RAMCOCEM",
    "RELIANCE",
    "SAIL",
    "SBILIFE",
    "SHREECEM",
    "SIEMENS",
    "SUNPHARMA",
    "TATACONSUM",
    "TCS",
    "TITAN",
    "TORNTPHARM",
    "TVSMOTOR",
    "ULTRACEMCO",
    "UPL",
    "WESTLIFE",
    "WHIRLPOOL"
  ],
  "selected_stocks": [
    "ADANIGREEN",
    "ALKEM",
    "CIPLA",
    "POWERGRID",
    "COLPAL",
    "HCLTECH",
    "CUMMINSIND",
    "FORTIS"
  ],
  "selected_indices": [
    2,
    3,
    16,
    58,
    17,
    30,
    19,
    26
  ],
  "matrices": {
    "covariance_selected": [
      [
        0.2978489092327778,
        0.005292622375711879,
        0.009352870429314248,
        0.01777803287140458,
        0.015270711278757742,
        0.01253892943788994,
        0.025392785770454656,
        0.02037755942403866
      ],
      [
        0.005292622375711879,
        0.06624366823366089,
        0.01798403364205696,
        0.007394485027871263,
        0.008406483750298815,
        0.009611144690109838,
        0.012414419712491147,
        0.01011426739540018
      ],
      [
        0.009352870429314248,
        0.01798403364205696,
        0.07570865907222708,
        0.012483793302155564,
        0.012447875759118997,
        0.013582703654367444,
        0.009874576928606061,
        0.00929568415486398
      ],
      [
        0.01777803287140458,
        0.007394485027871263,
        0.012483793302155564,
        0.08040505698192267,
        0.008139028909676105,
        0.01381404180285605,
        0.015564727459823463,
        0.015671260774572926
      ],
      [
        0.015270711278757742,
        0.008406483750298815,
        0.012447875759118997,
        0.008139028909676105,
        0.05031160738837762,
        0.012820510272726158,
        0.012514590062481136,
        0.010962365563608278
      ],
      [
        0.01253892943788994,
        0.009611144690109838,
        0.013582703654367444,
        0.01381404180285605,
        0.012820510272726158,
        0.07700785312736601,
        0.0136919232888247,
        0.020101555388847288
      ],
      [
        0.025392785770454656,
        0.012414419712491147,
        0.009874576928606061,
        0.015564727459823463,
        0.012514590062481136,
        0.0136919232888247,
        0.10251327889443557,
        0.014972032639993261
      ],
      [
        0.02037755942403866,
        0.01011426739540018,
        0.00929568415486398,
        0.015671260774572926,
        0.010962365563608278,
        0.020101555388847288,
        0.014972032639993261,
        0.10621979351676178
      ]
    ],
    "qubo_selected": [
      [
        -2175.643826797123,
        0.010585244751423757,
        0.018705740858628497,
        0.030541422557515484,
        0.04075511884807732,
        0.02507785887577988,
        0.03555606574280916,
        0.05854365211177161
      ],
      [
        0.010585244751423757,
        -2175.188056019659,
        0.03596806728411392,
        0.01681296750059763,
        0.02022853479080036,
        0.019222289380219675,
        0.014788970055742525,
        0.02042392263413576
      ],
      [
        0.018705740858628497,
        0.03596806728411392,
        -2175.170510637382,
        0.024895751518237995,
        0.01859136830972796,
        0.027165407308734887,
        0.02496758660431113,
        0.021648230233075737
      ],
      [
        0.030541422557515484,
        0.01681296750059763,
        0.024895751518237995,
        -2175.1186278413115,
        0.021924731127216556,
        0.025641020545452316,
        0.01627805781935221,
        0.028095867437716575
      ],
      [
        0.04075511884807732,
        0.02022853479080036,
        0.01859136830972796,
        0.021924731127216556,
        -2175.1638982886607,
        0.040203110777694576,
        0.03134252154914585,
        0.038046158473976945
      ],
      [
        0.02507785887577988,
        0.019222289380219675,
        0.027165407308734887,
        0.025641020545452316,
        0.040203110777694576,
        -2175.2000818928573,
        0.0276280836057121,
        0.03245302917587403
      ],
      [
        0.03555606574280916,
        0.014788970055742525,
        0.02496758660431113,
        0.01627805781935221,
        0.03134252154914585,
        0.0276280836057121,
        -2175.1596276155933,
        0.03689412316064438
      ],
      [
        0.05854365211177161,
        0.02042392263413576,
        0.021648230233075737,
        0.028095867437716575,
        0.038046158473976945,
        0.03245302917587403,
        0.03689412316064438,
        -2175.2526432538994
      ]
    ]
  }
}