{
  "scenario_group": "horizon",
  "scenario_name": "Horizon_36M_Train_84M",
  "scenario": {
    "train_start": "2016-03-12",
    "train_end": "2023-03-11",
    "test_start": "2023-03-12",
    "test_end": "2026-03-11",
    "description": "Test=36M, Train=84M ending at latest date"
  },
  "symbols_full": [
    "20MICRONS",
    "3MINDIA",
    "A2ZINFRA",
    "AARTIDRUGS",
    "AARTIIND",
    "ABAN",
    "ABFRL",
    "ACC",
    "ACE",
    "ADANIENT",
    "ADFFOODS",
    "ADOR",
    "ADROITINFO",
    "ADSL",
    "AEGISLOG",
    "AGARIND",
    "AGI",
    "AGROPHOS",
    "AHLUCONT",
    "AJANTPHARM",
    "AKSHOPTFBR",
    "AKZOINDIA",
    "ALANKIT",
    "ALBERTDAVD",
    "ALEMBICLTD",
    "ALICON",
    "ALKALI",
    "ALKEM",
    "ALKYLAMINE",
    "ALLCARGO",
    "ALLDIGI",
    "AMBIKCO",
    "AMBUJACEM",
    "AMDIND",
    "AMJLAND",
    "ANANTRAJ",
    "ANDHRSUGAR",
    "ANIKINDS",
    "ANKITMETAL",
    "ANSALAPI",
    "ANTELOPUS",
    "APARINDS",
    "APCL",
    "APCOTEXIND",
    "APOLLOTYRE",
    "APOLSINHOT",
    "APTECHT",
    "ARCHIDPLY",
    "ARIES",
    "ARIHANTSUP",
    "ARMANFIN",
    "ARVSMART",
    "ASAHIINDIA",
    "ASAHISONG",
    "ASAL",
    "ASHAPURMIN",
    "ASHIANA",
    "ASHIMASYN",
    "ASHOKLEY",
    "ASIANHOTNR",
    "ASIANTILES",
    "ASPINWALL",
    "ASTEC",
    "ASTRAMICRO",
    "ASTRAZEN",
    "ATLANTAA",
    "ATULAUTO",
    "AUBANK",
    "AURIONPRO",
    "AUROPHARMA",
    "AURUM",
    "AUSOMENT",
    "AUTOAXLES",
    "AVANTIFEED",
    "AVTNPL",
    "AXISBANK",
    "AYMSYNTEX",
    "BAGFILMS",
    "BAJAJ-AUTO",
    "BAJAJCON",
    "BAJAJFINSV",
    "BAJAJHIND",
    "BAJAJHLDNG",
    "BALAMINES",
    "BALKRISIND",
    "BALMLAWRIE",
    "BALPHARMA",
    "BALRAMCHIN",
    "BANARISUG",
    "BANCOINDIA",
    "BANG",
    "BANKBARODA",
    "BANKINDIA",
    "BANSWRAS",
    "BASF",
    "BASML",
    "BATAINDIA",
    "BAYERCROP",
    "BBOX",
    "BBTC",
    "BCG",
    "BEARDSELL",
    "BEDMUTHA",
    "BEL",
    "BEPL",
    "BERGEPAINT",
    "BFINVEST",
    "BFUTILITIE",
    "BGRENERGY",
    "BHAGERIA",
    "BHAGYANGR",
    "BHANDARI",
    "BHARATFORG",
    "BHARTIARTL",
    "BHEL",
    "BIL",
    "BIOCON",
    "BIRLACABLE",
    "BIRLACORPN",
    "BIRLAMONEY",
    "BIRLANU",
    "BLBLIMITED",
    "BLISSGVS",
    "BLS",
    "BLUESTARCO",
    "BOMDYEING",
    "BOSCHLTD",
    "BPCL",
    "BPL",
    "BRIGADE",
    "BROOKS",
    "BSE",
    "BSL",
    "BUTTERFLY",
    "BVCL",
    "BYKE",
    "CALSOFT",
    "CANFINHOME",
    "CANTABIL",
    "CARBORUNIV",
    "CARERATING",
    "CCHHL",
    "CCL",
    "CDSL",
    "CEATLTD",
    "CELEBRITY",
    "CEMPRO",
    "CENTENKA",
    "CENTRALBK",
    "CERA",
    "CEREBRAINT",
    "CESC",
    "CGPOWER",
    "CHENNPETRO",
    "CIGNITITEC",
    "CINELINE",
    "CIPLA",
    "COALINDIA",
    "COLPAL",
    "COMPINFO",
    "COMPUSOFT",
    "CONSOFINVT",
    "CORDSCABLE",
    "CPCAP",
    "CREST",
    "CROMPTON",
    "CTE",
    "CUB",
    "CUMMINSIND",
    "CYBERTECH",
    "CYIENT",
    "DABUR",
    "DALMIASUG",
    "DAMODARIND",
    "DBL",
    "DBREALTY",
    "DCM",
    "DCMSHRIRAM",
    "DCW",
    "DECCANCE",
    "DELTAMAGNT",
    "DENORA",
    "DHAMPURSUG",
    "DHANBANK",
    "DHANUKA",
    "DIVISLAB",
    "DLF",
    "DLINKINDIA",
    "DMART",
    "DONEAR",
    "DPSCLTD",
    "DREDGECORP",
    "DSSL",
    "DTIL",
    "DUCON",
    "DVL",
    "DWARKESH",
    "DYNAMATECH",
    "DYNPRO",
    "ECLERX",
    "EDELWEISS",
    "EICHERMOT",
    "EIDPARRY",
    "EIMCOELECO",
    "EKC",
    "ELECTCAST",
    "ELGIEQUIP",
    "ELGIRUBCO",
    "EMAMILTD",
    "EMAMIREAL",
    "EMBDL",
    "EMKAY",
    "EMMBI",
    "ENDURANCE",
    "ENGINERSIN",
    "EPL",
    "ESABINDIA",
    "ESCORTS",
    "ESSARSHPNG",
    "ESTER",
    "EVERESTIND",
    "EXCEL",
    "EXIDEIND",
    "FDC",
    "FEDERALBNK",
    "FEL",
    "FELDVR",
    "FIEMIND",
    "FILATEX",
    "FINPIPE",
    "FLEXITUFF",
    "FLFL",
    "FMGOETZE",
    "FMNL",
    "FORTIS",
    "FOSECOIND",
    "GABRIEL",
    "GAEL",
    "GAIL",
    "GALLANTT",
    "GANDHITUBE",
    "GANECOS",
    "GANESHHOU",
    "GARFIBRES",
    "GENESYS",
    "GENUSPAPER",
    "GENUSPOWER",
    "GFLLIMITED",
    "GHCL",
    "GICHSGFIN",
    "GILLANDERS",
    "GINNIFILA",
    "GIPCL",
    "GKWLIMITED",
    "GLAXO",
    "GLENMARK",
    "GLOBUSSPR",
    "GMBREW",
    "GMDCLTD",
    "GMRAIRPORT",
    "GNA",
    "GNFC",
    "GOCLCORP",
    "GODFRYPHLP",
    "GODREJCP",
    "GODREJIND",
    "GOKEX",
    "GOKUL",
    "GOLDENTOBC",
    "GOLDIAM",
    "GOLDTECH",
    "GPPL",
    "GRAPHITE",
    "GREAVESCOT",
    "GREENLAM",
    "GREENPOWER",
    "GRINDWELL",
    "GROBTEA",
    "GRPLTD",
    "GSFC",
    "GSPL",
    "GSS",
    "GTL",
    "GTLINFRA",
    "GTPL",
    "GUFICBIO",
    "GUJALKALI",
    "GUJGASLTD",
    "GULFOILLUB",
    "GULFPETRO",
    "GVPIL",
    "GVT&D",
    "HATHWAY",
    "HATSUN",
    "HAVELLS",
    "HCC",
    "HCG",
    "HCL-INSYS",
    "HCLTECH",
    "HDFCBANK",
    "HEADSUP",
    "HEIDELBERG",
    "HERITGFOOD",
    "HEROMOTOCO",
    "HESTERBIO",
    "HEXATRADEX",
    "HGM",
    "HIKAL",
    "HIMATSEIDE",
    "HINDALCO",
    "HINDCOMPOS",
    "HINDCOPPER",
    "HINDPETRO",
    "HINDUNILVR",
    "HINDZINC",
    "HITECHCORP",
    "HITECHGEAR",
    "HMVL",
    "HONDAPOWER",
    "HPL",
    "HSCL",
    "HTMEDIA",
    "HUBTOWN",
    "HUDCO",
    "HUHTAMAKI",
    "IBULLSLTD",
    "ICICIBANK",
    "ICIL",
    "ICRA",
    "IDBI",
    "IDFCFIRSTB",
    "IFBAGRO",
    "IFBIND",
    "IFCI",
    "IGL",
    "IGPL",
    "IIFL",
    "IITL",
    "IL&FSENGG",
    "IMFA",
    "IMPAL",
    "INCREDIBLE",
    "INDBANK",
    "INDIACEM",
    "INDIANB",
    "INDIGO",
    "INDORAMA",
    "INDOTECH",
    "INDOWIND",
    "INDRAMEDCO",
    "INDTERRAIN",
    "INDUSINDBK",
    "INFY",
    "INGERRAND",
    "INSECTICID",
    "INSPIRISYS",
    "INTELLECT",
    "INTENTECH",
    "INVENTURE",
    "IOC",
    "IRB",
    "ISFT",
    "ITC",
    "ITDC",
    "ITI",
    "IVC",
    "IZMO",
    "J&KBANK",
    "JAICORPLTD",
    "JAMNAAUTO",
    "JAYAGROGN",
    "JAYBARMARU",
    "JAYNECOIND",
    "JAYSREETEA",
    "JBCHEPHARM",
    "JHS",
    "JINDALSTEL",
    "JINDRILL",
    "JINDWORLD",
    "JISLDVREQS",
    "JISLJALEQS",
    "JITFINFRA",
    "JKCEMENT",
    "JKIL",
    "JKLAKSHMI",
    "JKTYRE",
    "JMFINANCIL",
    "JOCIL",
    "JPASSOCIAT",
    "JPOLYINVST",
    "JPPOWER",
    "JTEKTINDIA",
    "JUBLFOOD",
    "JUBLPHARMA",
    "JUSTDIAL",
    "JWL",
    "JYOTISTRUC",
    "KAJARIACER",
    "KAKATCEM",
    "KANANIIND",
    "KANORICHEM",
    "KARMAENG",
    "KAYA",
    "KCP",
    "KCPSUGIND",
    "KECL",
    "KEI",
    "KERNEX",
    "KICL",
    "KILITCH",
    "KINGFA",
    "KIOCL",
    "KIRLOSBROS",
    "KIRLOSENG",
    "KIRLOSIND",
    "KKCL",
    "KMSUGAR",
    "KNRCON",
    "KOHINOOR",
    "KOKUYOCMLN",
    "KOLTEPATIL",
    "KOPRAN",
    "KOTARISUG",
    "KOTHARIPET",
    "KPRMILL",
    "KRBL",
    "KREBSBIO",
    "KRIDHANINF",
    "KSCL",
    "KTKBANK",
    "LAKPRE",
    "LALPATHLAB",
    "LAMBODHARA",
    "LAURUSLABS",
    "LFIC",
    "LGBBROSLTD",
    "LINCOLN",
    "LINDEINDIA",
    "LLOYDSENGG",
    "LOKESHMACH",
    "LOTUSEYE",
    "LOVABLE",
    "LPDC",
    "LT",
    "LTFOODS",
    "LTM",
    "LTTS",
    "LUMAXTECH",
    "LUXIND",
    "LYKALABS",
    "LYPSAGEMS",
    "M&M",
    "M&MFIN",
    "MAANALU",
    "MADHAV",
    "MADHUCON",
    "MADRASFERT",
    "MAHABANK",
    "MAHASTEEL",
    "MANAKALUCO",
    "MANAKSIA",
    "MANAKSTEEL",
    "MANALIPETC",
    "MANAPPURAM",
    "MANGLMCEM",
    "MANINFRA",
    "MANUGRAPH",
    "MARALOVER",
    "MARATHON",
    "MARKSANS",
    "MARUTI",
    "MASTEK",
    "MAWANASUG",
    "MAYURUNIQ",
    "MBLINFRA",
    "MCLEODRUSS",
    "MEP",
    "MFSL",
    "MHRIL",
    "MINDACORP",
    "MINDTECK",
    "MIRCELECTR",
    "MIRZAINT",
    "MMFL",
    "MMTC",
    "MOHITIND",
    "MOIL",
    "MOLDTECH",
    "MORARJEE",
    "MOREPENLAB",
    "MOTHERSON",
    "MOTILALOFS",
    "MOTOGENFIN",
    "MPSLTD",
    "MRPL",
    "MSPL",
    "MTNL",
    "MUKANDLTD",
    "MUKTAARTS",
    "MUNJALAU",
    "MUNJALSHOW",
    "MURUDCERA",
    "MUTHOOTCAP",
    "NAGAFERT",
    "NAGREEKEXP",
    "NAHARINDUS",
    "NAHARPOLY",
    "NATCOPHARM",
    "NATHBIOGEN",
    "NATIONALUM",
    "NAVINFLUOR",
    "NAVNETEDUL",
    "NBCC",
    "NBIFIN",
    "NDLVENTURE",
    "NDTV",
    "NECLIFE",
    "NELCAST",
    "NELCO",
    "NESCO",
    "NETWORK18",
    "NEULANDLAB",
    "NFL",
    "NH",
    "NHPC",
    "NIBL",
    "NIITLTD",
    "NILKAMAL",
    "NITCO",
    "NKIND",
    "NLCINDIA",
    "NOCIL",
    "NOIDATOLL",
    "NRAIL",
    "NRBBEARING",
    "OBEROIRLTY",
    "OFSS",
    "OIL",
    "OILCOUNTUB",
    "OLECTRA",
    "OMAXE",
    "OMINFRAL",
    "ONELIFECAP",
    "ONMOBILE",
    "ORICONENT",
    "ORIENTALTL",
    "ORIENTCEM",
    "ORIENTCER",
    "ORIENTHOT",
    "ORIENTPPR",
    "ORISSAMINE",
    "ORTEL",
    "OSWALGREEN",
    "PAGEIND",
    "PAISALO",
    "PALREDTEC",
    "PANAMAPET",
    "PARACABLES",
    "PARAGMILK",
    "PARSVNATH",
    "PATINTLOG",
    "PCBL",
    "PDMJEPAPER",
    "PDSL",
    "PEARLPOLY",
    "PENIND",
    "PENINLAND",
    "PETRONET",
    "PFC",
    "PFIZER",
    "PFS",
    "PGHL",
    "PGIL",
    "PIDILITIND",
    "PIIND",
    "PILANIINVS",
    "PILITA",
    "PIONEEREMB",
    "PITTIENG",
    "PKTEA",
    "PLASTIBLEN",
    "PNB",
    "PNBGILTS",
    "PNBHOUSING",
    "PNCINFRA",
    "PODDARMENT",
    "POKARNA",
    "POLYMED",
    "POLYPLEX",
    "PONNIERODE",
    "POONAWALLA",
    "POWERGRID",
    "POWERMECH",
    "PPAP",
    "PRAENG",
    "PRAKASH",
    "PRAKASHSTL",
    "PRECAM",
    "PRECWIRE",
    "PREMIER",
    "PRESTIGE",
    "PRIVISCL",
    "PSPPROJECT",
    "PTC",
    "PTL",
    "PUNJABCHEM",
    "PVRINOX",
    "QUESS",
    "QUICKHEAL",
    "RADICO",
    "RADIOCITY",
    "RAIN",
    "RAJESHEXPO",
    "RAJSREESUG",
    "RAJTV",
    "RALLIS",
    "RAMANEWS",
    "RAMASTEEL",
    "RAMCOCEM",
    "RAMCOSYS",
    "RAMKY",
    "RANASUG",
    "RATNAMANI",
    "RAYMOND",
    "RBLBANK",
    "RCF",
    "RCOM",
    "RECLTD",
    "REDINGTON",
    "RELAXO",
    "RELIANCE",
    "RENUKA",
    "REPRO",
    "RGL",
    "RICOAUTO",
    "RIIL",
    "RKDL",
    "RKFORGE",
    "ROHLTD",
    "ROLLT",
    "ROSSELLIND",
    "RPGLIFE",
    "RPOWER",
    "RPPINFRA",
    "RSSOFTWARE",
    "RSWM",
    "RSYSTEMS",
    "RTNINDIA",
    "RUBYMILLS",
    "RUCHINFRA",
    "RUCHIRA",
    "RUPA",
    "SADBHAV",
    "SAIL",
    "SAKHTISUG",
    "SAKSOFT",
    "SAKUMA",
    "SALASAR",
    "SALONA",
    "SALSTEEL",
    "SAMBHAAV",
    "SAMMAANCAP",
    "SANCO",
    "SANDESH",
    "SANGAMIND",
    "SARDAEN",
    "SASKEN",
    "SASTASUNDR",
    "SATIN",
    "SCHAEFFLER",
    "SCHAND",
    "SCI",
    "SEAMECLTD",
    "SEMAC",
    "SEPC",
    "SESHAPAPER",
    "SETCO",
    "SETUINFRA",
    "SFL",
    "SGL",
    "SHAH",
    "SHAKTIPUMP",
    "SHALPAINTS",
    "SHANKARA",
    "SHARDAMOTR",
    "SHILPAMED",
    "SHIVAMAUTO",
    "SHK",
    "SHOPERSTOP",
    "SHREECEM",
    "SHREEPUSHK",
    "SHREERAMA",
    "SHREYANIND",
    "SHRIPISTON",
    "SHYAMCENT",
    "SIEMENS",
    "SIGMAADV",
    "SIL",
    "SIMBHALS",
    "SIMPLEXINF",
    "SITINET",
    "SIYSIL",
    "SJVN",
    "SKFINDIA",
    "SKIPPER",
    "SMSPHARMA",
    "SNOWMAN",
    "SOBHA",
    "SOLARINDS",
    "SOMANYCERA",
    "SOMATEX",
    "SOMICONVEY",
    "SONATSOFTW",
    "SOTL",
    "SOUTHBANK",
    "SPAL",
    "SPARC",
    "SPECIALITY",
    "SPIC",
    "SPLIL",
    "SPMLINFRA",
    "SREEL",
    "SRF",
    "SRHHYPOLTD",
    "SSWL",
    "STAR",
    "STARCEMENT",
    "STEELXIND",
    "STEL",
    "STERTOOLS",
    "STLTECH",
    "STYRENIX",
    "SUBEXLTD",
    "SUBROS",
    "SUNDARAM",
    "SUNDARMFIN",
    "SUNDRMBRAK",
    "SUNDRMFAST",
    "SUNDROP",
    "SUNFLAG",
    "SUNPHARMA",
    "SUNTV",
    "SUPERHOUSE",
    "SUPERSPIN",
    "SUPRAJIT",
    "SUPREMEIND",
    "SUPREMEINF",
    "SURANASOL",
    "SURYALAXMI",
    "SURYAROSNI",
    "SUZLON",
    "SWARAJENG",
    "SWELECTES",
    "SYNGENE",
    "TAINWALCHM",
    "TAJGVK",
    "TAKE",
    "TANLA",
    "TARIL",
    "TASTYBITE",
    "TATACHEM",
    "TATACOMM",
    "TATACONSUM",
    "TATAELXSI",
    "TCI",
    "TCIEXP",
    "TCS",
    "TEAMGTY",
    "TEXINFRA",
    "TEXMOPIPES",
    "TFL",
    "TGBHOTELS",
    "THANGAMAYL",
    "THEINVEST",
    "THERMAX",
    "TI",
    "TIIL",
    "TIJARIA",
    "TIL",
    "TIMKEN",
    "TIPSMUSIC",
    "TIRUMALCHM",
    "TITAN",
    "TMPV",
    "TNPETRO",
    "TOKYOPLAST",
    "TORNTPHARM",
    "TPLPLASTEH",
    "TRANSWORLD",
    "TREEHOUSE",
    "TRF",
    "TRIDENT",
    "TRIGYN",
    "TRIVENI",
    "TTKHLTCARE",
    "TTKPRESTIG",
    "TTML",
    "TVSELECT",
    "TVSMOTOR",
    "TVTODAY",
    "TVVISION",
    "UBL",
    "UCOBANK",
    "UFLEX",
    "UFO",
    "UGARSUGAR",
    "ULTRACEMCO",
    "UMIYA-MRO",
    "UNICHEMLAB",
    "UNIENTER",
    "UNIONBANK",
    "UNITECH",
    "UNITEDTEA",
    "UNOMINDA",
    "UPL",
    "URJA",
    "UTTAMSUGAR",
    "V2RETAIL",
    "VAIBHAVGBL",
    "VAKRANGEE",
    "VARDHACRLC",
    "VASCONEQ",
    "VASWANI",
    "VEEDOL",
    "VENKEYS",
    "VENUSREM",
    "VETO",
    "VGL",
    "VGUARD",
    "VIJIFIN",
    "VIMTALABS",
    "VINATIORGA",
    "VINDHYATEL",
    "VINYLINDIA",
    "VIPIND",
    "VIPULLTD",
    "VISAKAIND",
    "VISASTEEL",
    "VIYASH",
    "VLSFINANCE",
    "VRLLOG",
    "VSSL",
    "VSTIND",
    "VSTTILLERS",
    "WABAG",
    "WALCHANNAG",
    "WEIZMANIND",
    "WELCORP",
    "WELINV",
    "WELSPUNLIV",
    "WENDT",
    "WHEELS",
    "WHIRLPOOL",
    "WILLAMAGOR",
    "WINDMACHIN",
    "WOCKPHARMA",
    "WONDERLA",
    "WSTCSTPAPR",
    "XCHANGING",
    "XPROINDIA",
    "YESBANK",
    "ZEEL",
    "ZEELEARN",
    "ZEEMEDIA",
    "ZENSARTECH",
    "ZENTEC",
    "ZFCVINDIA",
    "ZODIACLOTH",
    "ZOTA",
    "ZUARI",
    "ZUARIIND",
    "ZYDUSLIFE"
  ],
  "selected_stocks": [
    "HINDUNILVR",
    "PDSL",
    "RATNAMANI",
    "JBCHEPHARM",
    "SOLARINDS",
    "CANTABIL",
    "NAVINFLUOR",
    "PGHL"
  ],
  "selected_indices": [
    313,
    563,
    622,
    374,
    708,
    138,
    510,
    571
  ],
  "matrices": {
    "covariance_selected": [
      [
        0.0523069090679972,
        0.0077291238925690006,
        0.0056814425693159165,
        0.009564019599362705,
        0.007341737840729492,
        0.003917221877709871,
        0.012565360945560393,
        0.012232882771090393
      ],
      [
        0.0077291238925690006,
        0.11689955116864885,
        0.009461264022659064,
        0.008300035854648438,
        0.014766748583957904,
        0.01548534566880056,
        0.018008499427445587,
        0.009348117036190139
      ],
      [
        0.0056814425693159165,
        0.009461264022659064,
        0.09151588411092068,
        0.010786387287691187,
        0.010851667948767898,
        0.013300656144943794,
        0.01556159292937368,
        0.010666914746464421
      ],
      [
        0.009564019599362705,
        0.008300035854648438,
        0.010786387287691187,
        0.10354027504454139,
        0.010556538737480501,
        0.010048988932506636,
        0.015415120388836398,
        0.013591815914299633
      ],
      [
        0.007341737840729492,
        0.014766748583957904,
        0.010851667948767898,
        0.010556538737480501,
        0.08345020540648192,
        0.013757173823268827,
        0.015213506233182654,
        0.012827783249535082
      ],
      [
        0.003917221877709871,
        0.01548534566880056,
        0.013300656144943794,
        0.010048988932506636,
        0.013757173823268827,
        0.24276632427111444,
        0.014359660090218766,
        0.010458968617146841
      ],
      [
        0.012565360945560393,
        0.018008499427445587,
        0.01556159292937368,
        0.015415120388836398,
        0.015213506233182654,
        0.014359660090218766,
        0.14779419349011383,
        0.017921631337865538
      ],
      [
        0.012232882771090393,
        0.009348117036190139,
        0.010666914746464421,
        0.013591815914299633,
        0.012827783249535082,
        0.010458968617146841,
        0.017921631337865538,
        0.12607082176035223
      ]
    ],
    "qubo_selected": [
      [
        -17100.24863922283,
        0.007834443755419742,
        0.020097977865013272,
        0.015171059577120505,
        0.014977403024579047,
        0.03097069133760112,
        0.026601312289887588,
        0.03367668647709593
      ],
      [
        0.007834443755419742,
        -17100.127303575744,
        0.01912803919872541,
        0.017973551561453704,
        0.012042185354689889,
        0.015458247785138001,
        0.011362885138631833,
        0.011226632226648802
      ],
      [
        0.020097977865013272,
        0.01912803919872541,
        -17100.242151657363,
        0.018025833948541115,
        0.01895587631734857,
        0.016600071709296876,
        0.021572774575382373,
        0.014247805125768998
      ],
      [
        0.015171059577120505,
        0.017973551561453704,
        0.018025833948541115,
        -17100.145890238316,
        -0.00256933289945943,
        0.01837445643254379,
        0.024753993485002516,
        0.014298061526795608
      ],
      [
        0.014977403024579047,
        0.012042185354689889,
        0.01895587631734857,
        -0.00256933289945943,
        -17100.092115388095,
        0.015847576433542752,
        0.012890971305176286,
        0.015993969804093004
      ],
      [
        0.03097069133760112,
        0.015458247785138001,
        0.016600071709296876,
        0.01837445643254379,
        0.015847576433542752,
        -17100.270841616017,
        0.01892252804531813,
        0.017038841947350756
      ],
      [
        0.026601312289887588,
        0.011362885138631833,
        0.021572774575382373,
        0.024753993485002516,
        0.012890971305176286,
        0.01892252804531813,
        -17100.244973706413,
        0.021312577563371952
      ],
      [
        0.03367668647709593,
        0.011226632226648802,
        0.014247805125768998,
        0.014298061526795608,
        0.015993969804093004,
        0.017038841947350756,
        0.021312577563371952,
        -17100.156639218305
      ]
    ]
  }
}